  1H     1    1    1    0    1    1    0.000000    0.000000
  1   0.000000   0.5  1 -1.000E+00  0                     1/2+*  0                                                                                                                                                                                                                              0.000000       
  2H     2    1    1    0    1    1    2.224566    2.224566
  1   0.000000   1.0  1 -1.000E+00  0                       1+*  0                                                                                                                                                                                                                              0.000000       
  3H     3    1    1    0    1    1    6.257230    0.000000
  1   0.000000   0.5  1  3.888E+08  0                     1/2+*  1 =  1.0000E+02 %B-                                                                                                                                                                                                            0.000000       
  4H     4    1    4    0    1    4   -1.600000    0.000000
  1   0.000000   2.0 -1  1.390E-22  0                        2-  1 =  1.0000E+02 %N                                                                                                                                                                                                             0.000000       
  2   0.310000   1.0 -1  6.779E-23  0                        1-  1 =  1.0000E+02 %N                                                                                                                                                                                                             0.000000       
  3   2.080000   0.0 -1  5.115E-23  0                        0-  1 =  1.0000E+02 %N                                                                                                                                                                                                             0.000000       
  4   2.830000   1.0 -1  3.512E-23  0                        1-  1 =  1.0000E+02 %N                                                                                                                                                                                                             0.000000       
  5H     5    1    5    0    1    1   -0.200000    0.000000
  1   0.000000   0.5  1  8.600E-23  0                    (1/2+)  1 =  1.0000E+02 %2N                                                                                                                                                                                                            0.000000       
  2   3.100000  -1.0  0  8.608E-23  0                            1 =  1.0000E+02 %2N                                                                                                                                                                                                            0.000000       
  3   8.100000  -1.0  0  6.709E-23  0                            1 =  1.0000E+02 %2N                                                                                                                                                                                                            0.000000       
  4  16.100000  -1.0  0  9.505E-23  0                            1 =  1.0000E+02 %2N                                                                                                                                                                                                            0.000000       
  5  24.400000  -1.0  0  1.304E-22  0                            1 =  1.0000E+02 %2N                                                                                                                                                                                                            0.000000       
  6H     6    1    5    0    1    1   -0.911959    0.000000
  1   0.000000   2.0 -1  2.940E-22  0                       2-#  2 ?  0.0000E+00 %N      ?  0.0000E+00 %3N                                                                                                                                                                                      0.000000       
  2   4.100000  -1.0  0  8.147E-23  0                            0                                                                                                                                                                                                                              0.000000       
  3   8.000000  -1.0  0  1.141E-22  0                            0                                                                                                                                                                                                                              0.000000       
  4  12.300000  -1.0  0  1.086E-22  0                            0                                                                                                                                                                                                                              0.000000       
  5  18.700000  -1.0  0  1.170E-22  0                            0                                                                                                                                                                                                                              0.000000       
  7H     7    1    3    0    1    1    0.812000    0.000000
  1   0.000000   0.5  1  6.520E-22  0                     1/2+#  1 ?  0.0000E+00 %2N                                                                                                                                                                                                            0.000000       
  2  15.000000  -1.0  0  2.281E-22  0                            0                                                                                                                                                                                                                              0.000000       
  3  20.000000  -1.0  0  9.125E-23  0                            0                                                                                                                                                                                                                              0.000000       
