  3Li    3    3    1    0    1    1    0.000000    0.000000
  1   0.000000   1.5 -1             0                     3/2-#  1 ?  0.0000E+00 %P                                                                                                                                                                                                             0.000000       
  4Li    4    3    4    0    1    4   11.415000   -3.103000
  1   0.000000   2.0 -1  9.100E-23  0                        2-  1 =  1.0000E+02 %P                                                                                                                                                                                                             0.000000       
  2   0.320000   1.0 -1  6.207E-23  0                        1-  1 =  1.0000E+02 %P                                                                                                                                                                                                             0.000000       
  3   2.080000   0.0 -1  4.880E-23  0                        0-  1 =  1.0000E+02 %P                                                                                                                                                                                                             0.000000       
  4   2.850000   1.0 -1  3.377E-23  0                        1-  1 =  1.0000E+02 %P                                                                                                                                                                                                             0.000000       
  5Li    5    3    1    0    1    1   21.715621   -1.965000
  1   0.000000   1.5 -1  3.700E-22  0                      3/2-  1 =  1.0000E+02 %P                                                                                                                                                                                                             0.000000       
  6Li    6    3   14    4    1   13    5.663325    4.433325
  1   0.000000   1.0  1 -1.000E+00  0                       1+*  0                                                                                                                                                                                                                              0.000000       
  2   2.186000   3.0  1  1.901E-20  1                        3+  2 ?  0.0000E+00 %A      ?  0.0000E+00 %IT                                                                                                                                                                                      0.000000       
                                          1     2.1860  9.996E-01  1.000E+00  4.020E-04
  3   3.562880   0.0  1  5.564E-17  1                        0+  1 ?  0.0000E+00 %IT                                                                                                                                                                                                            0.000000       
                                          1     3.5618  9.991E-01  1.000E+00  8.640E-04
  4   4.312000   2.0  1  3.510E-22  1                        2+  2 ?  0.0000E+00 %IT     ?  0.0000E+00 %A                                                                                                                                                                                       0.000000       
                                          1     4.3100  9.988E-01  1.000E+00  1.196E-03
  5   5.366000   2.0  1  8.433E-22  1                        2+  4 ?  0.0000E+00 %P      ?  0.0000E+00 %A      ?  0.0000E+00 %IT     ?  0.0000E+00 %N                                                                                                                                           0.000000       
                                          1     5.3630  9.985E-01  1.000E+00  1.506E-03
  6   5.650000   1.0  1  3.042E-22  0                        1+  1 ?  0.0000E+00 %A                                                                                                                                                                                                             0.000000       
  7  15.800000   3.0  1  2.563E-23  0                        3+  1 ?  0.0000E+00 %A                                                                                                                                                                                                             0.000000       
  8  17.985000   2.0 -1  1.515E-22  0                        2-  2 ?  0.0000E+00 %IT     ?  0.0000E+00 %3H                                                                                                                                                                                      0.000000       
  9  21.500000   0.0 -1             0                        0-  1 ?  0.0000E+00 %3H                                                                                                                                                                                                            0.000000       
 10  23.000000   4.0  1  3.802E-23  0                        4+  1 ?  0.0000E+00 %A                                                                                                                                                                                                             0.000000       
 11  24.779000   3.0 -1  6.759E-23  0                        3-  3 ?  0.0000E+00 %IT     ?  0.0000E+00 %N      ?  0.0000E+00 %3H                                                                                                                                                                0.000000       
 12  24.890000   4.0 -1  8.576E-23  0                        4-  3 ?  0.0000E+00 %3H     ?  0.0000E+00 %IT     ?  0.0000E+00 %N                                                                                                                                                                 0.000000       
 13  26.590000   2.0 -1  5.256E-23  0                        2-  4 ?  0.0000E+00 %A      ?  0.0000E+00 %IT     ?  0.0000E+00 %N      ?  0.0000E+00 %3H                                                                                                                                          0.000000       
 14  31.000000   3.0  1             0                      (3+)  2 ?  0.0000E+00 %A      ?  0.0000E+00 %3H                                                                                                                                                                                      0.000000       
  7Li    7    3   10    2    1    8    7.251094    9.973962
  1   0.000000   1.5 -1 -1.000E+00  0                     3/2-*  0                                                                                                                                                                                                                              0.000000       
  2   0.477612   0.5 -1  7.300E-14  1                      1/2-  0                                                                                                                                                                                                                              0.000000       
                                          1     0.4776  1.000E+00  1.000E+00  0.000E+00
  3   4.630000   3.5 -1  4.906E-21  1                      7/2-  2 ?  0.0000E+00 %3H     ?  0.0000E+00 %A                                                                                                                                                                                       0.000000       
                                          1     4.6280  9.986E-01  1.000E+00  1.379E-03
  4   6.680000   2.5 -1  5.185E-22  0                      5/2-  2 ?  0.0000E+00 %3H     ?  0.0000E+00 %A                                                                                                                                                                                       0.000000       
  5   7.459500   2.5 -1  5.126E-21  0                      5/2-  3 ?  0.0000E+00 %A      ?  0.0000E+00 %3H     ?  0.0000E+00 %N                                                                                                                                                                 0.000000       
  6   9.670000   3.5 -1  1.141E-21  0                      7/2-  3 ?  0.0000E+00 %A      ?  0.0000E+00 %N      ?  0.0000E+00 %3H                                                                                                                                                                0.000000       
  7   9.850000   1.5 -1  3.802E-22  0                      3/2-  2 ?  0.0000E+00 %A      ?  0.0000E+00 %N                                                                                                                                                                                       0.000000       
  8  11.240000   1.5 -1  1.755E-21  0                      3/2-  2 ?  0.0000E+00 %N      ?  0.0000E+00 %P                                                                                                                                                                                       0.000000       
  9  13.700000  -1.0  0  9.125E-22  0                            1 ?  0.0000E+00 %N                                                                                                                                                                                                             0.000000       
 10  14.700000  -1.0  0  6.518E-22  0                            1 ?  0.0000E+00 %N                                                                                                                                                                                                             0.000000       
  8Li    8    3   11    2    1    5    2.032618   12.416294
  1   0.000000   2.0  1  8.387E-01  0                        2+  2 =  1.0000E+02 %B-     =  1.0000E+02 %B-A                                                                                                                                                                                     0.000000       
  2   0.980800   1.0  1  8.200E-15  1                        1+  1 =  1.0000E+02 %IT                                                                                                                                                                                                            0.000000       
                                          1     0.9807  1.000E+00  1.000E+00  0.000E+00
  3   2.255000   3.0  1  1.413E-20  1                        3+  2 =  1.0000E+02 %N      =  2.1000E-04 %IT                                                                                                                                                                                      0.000000       
                                          1     2.2550  2.099E-06  2.100E-06  3.920E-04
  4   3.210000   1.0  1  4.562E-22  0                        1+  1 =  1.0000E+02 %N                                                                                                                                                                                                             0.000000       
  5   5.400000   1.0  1  7.019E-22  0                        1+  1 =  1.0000E+02 %N                                                                                                                                                                                                             0.000000       
  6   6.100000   3.0  0  4.562E-22  0                       (3)  1 =  1.0000E+02 %N                                                                                                                                                                                                             0.000000       
  7   6.530000   4.0  1  1.304E-20  0                        4+  1 =  1.0000E+02 %N                                                                                                                                                                                                             0.000000       
  8   7.100000  -1.0  0  1.141E-21  0                            1 =  1.0000E+02 %N                                                                                                                                                                                                             0.000000       
  9   9.000000  -1.0  0  7.604E-23  0                            1 ?  0.0000E+00 %N                                                                                                                                                                                                             0.000000       
 10   9.670000   1.0  1  4.562E-22  0                        1+  2 ?  0.0000E+00 %3H     ?  0.0000E+00 %N                                                                                                                                                                                       0.000000       
 11  10.822200   0.0  1             0                        0+  0                                                                                                                                                                                                                              0.000000       
  9Li    9    3    8    1    1    1    4.062218   13.943749
  1   0.000000   1.5 -1  1.782E-01  0                      3/2-  2 =  1.0000E+02 %B-     =  5.0500E+01 %B-N                                                                                                                                                                                     0.000000       
  2   2.691000   0.5 -1             1                    (1/2-)  1 =  1.0000E+02 %IT                                                                                                                                                                                                            0.000000       
                                          1     2.6910  9.994E-01  1.000E+00  5.870E-04
  3   4.301000  -1.0  0  5.185E-21  0                            1 =  1.0000E+02 %N                                                                                                                                                                                                             0.000000       
  4   5.380000  -1.0  0  7.604E-22  0                            0                                                                                                                                                                                                                              0.000000       
  5   6.430000   4.5  0  1.141E-20  0                    GE 9/2  0                                                                                                                                                                                                                              0.000000       
  6  16.000000  -1.0  0             0                            1 =  1.0000E+02 %P                                                                                                                                                                                                             0.000000       
  7  17.100000  -1.0  0  5.703E-22  0                            1 =  1.0000E+02 %P                                                                                                                                                                                                             0.000000       
  8  18.900000  -1.0  0  1.901E-21  0                            1 =  1.0000E+02 %P                                                                                                                                                                                                             0.000000       
 10Li   10    3   12    0    1    1   -0.026404   15.172170
  1   0.000000  -1.0  0  2.000E-21  0                   (1-,2-)  1 =  1.0000E+02 %N                                                                                                                                                                                                             0.000000       
  2   0.210000   1.0  1  4.562E-21  0                        1+  0                                                                                                                                                                                                                              0.000000       
  3   0.470000  -1.0  0  1.267E-21  0                            0                                                                                                                                                                                                                              0.000000       
  4   0.670000   2.0 -1  4.562E-21  0                      (2-)  0                                                                                                                                                                                                                              0.000000       
  5   1.370000  -1.0  0  2.281E-21  0                   (2-,1-)  0                                                                                                                                                                                                                              0.000000       
  6   1.600000  -1.0  0             0                            0                                                                                                                                                                                                                              0.000000       
  7   2.330000  -1.0  0  3.802E-22  0                   (1+,3+)  0                                                                                                                                                                                                                              0.000000       
  8   2.820000  -1.0  0  1.521E-21  0                   (1-,2+)  0                                                                                                                                                                                                                              0.000000       
  9   4.160000  -1.0  0  3.802E-21  0                            0                                                                                                                                                                                                                              0.000000       
 10   4.600000  -1.0  0  2.281E-21  0                   (3-,2+)  0                                                                                                                                                                                                                              0.000000       
 11   5.200000  -1.0  0  1.141E-21  0                            0                                                                                                                                                                                                                              0.000000       
 12   5.700000  -1.0  0  2.281E-21  0                            0                                                                                                                                                                                                                              0.000000       
 11Li   11    3    7    0    1    1    0.395687   15.757859
  1   0.000000   1.5 -1  8.750E-03  0                     3/2-*  7 =  1.0000E+02 %B-     =  8.6300E+01 %B-N    =  4.1000E+00 %B-2N   =  1.9000E+00 %B-3N   =  1.7000E+00 %B-A    =  1.3000E-02 %B-D    =  9.3000E-03 %B-T                                                                       0.000000       
  2   1.266000  -1.0  0  8.608E-22  0                            0                                                                                                                                                                                                                              0.000000       
  3   2.474000  -1.0  0  3.621E-22  0                            0                                                                                                                                                                                                                              0.000000       
  4   3.700000  -1.0  0             0                            0                                                                                                                                                                                                                              0.000000       
  5   4.860000  -1.0  0             0                            0                                                                                                                                                                                                                              0.000000       
  6   6.230000  -1.0  0             0                            0                                                                                                                                                                                                                              0.000000       
  7  11.300000  -1.0  0             0                            0                                                                                                                                                                                                                              0.000000       
 12Li   12    3    5    0    1    1   -0.210000    0.000000
  1   0.000000  -1.0  0             0                   (1-,2-)  1 ?  0.0000E+00 %N                                                                                                                                                                                                             0.000000       
  2   0.130000   4.0 -1             0                      (4-)  1 =  1.0000E+02 %N                                                                                                                                                                                                             0.000000       
  3   0.435000   1.0 -1             0                      (1-)  1 =  1.0000E+02 %N                                                                                                                                                                                                             0.000000       
  4   3.880000  -1.0  0  4.148E-22  0                            0                                                                                                                                                                                                                              0.000000       
  5   6.400000  -1.0  0             0                            0                                                                                                                                                                                                                              0.000000       
 13Li   13    3    1    0    1    1    0.100000    0.000000
  1   0.000000   1.5 -1  3.300E-21  0                     3/2-#  1 =  1.0000E+02 %2N                                                                                                                                                                                                            0.000000       
