  5Be    5    4    1    0    1    1    0.000000   -4.527000
  1   0.000000   0.5  1             0                     1/2+#  1 ?  0.0000E+00 %P                                                                                                                                                                                                             0.000000       
  6Be    6    4    5    0    1    1   26.835000    0.592824
  1   0.000000   0.0  1  5.000E-21  0                        0+  1 =  1.0000E+02 %2P                                                                                                                                                                                                            0.000000       
  2   1.670000   2.0  1  3.933E-22  0                      (2)+  2 ?  0.0000E+00 %A      ?  0.0000E+00 %P                                                                                                                                                                                       0.000000       
  3  23.000000   4.0 -1             0                        4-  2 ?  0.0000E+00 %3HE    ?  0.0000E+00 %IT                                                                                                                                                                                      0.000000       
  4  26.000000   2.0 -1             0                        2-  1 ?  0.0000E+00 %3HE                                                                                                                                                                                                           0.000000       
  5  27.000000   3.0 -1             0                        3-  1 ?  0.0000E+00 %3HE                                                                                                                                                                                                           0.000000       
  7Be    7    4    9    1    1    9   10.677354    5.606854
  1   0.000000   1.5 -1  4.598E+06  0                      3/2-  1 =  1.0000E+02 %EC                                                                                                                                                                                                            0.000000       
  2   0.429080   0.5 -1  1.330E-13  1                      1/2-  0                                                                                                                                                                                                                              0.000000       
                                          1     0.4291  1.000E+00  1.000E+00  0.000E+00
  3   4.570000   3.5 -1  2.607E-21  0                      7/2-  2 ?  0.0000E+00 %A      ?  0.0000E+00 %3HE                                                                                                                                                                                     0.000000       
  4   6.730000   2.5 -1  3.802E-22  0                      5/2-  2 ?  0.0000E+00 %A      ?  0.0000E+00 %3HE                                                                                                                                                                                     0.000000       
  5   7.210000   2.5 -1  1.141E-21  0                      5/2-  3 ?  0.0000E+00 %A      ?  0.0000E+00 %3HE    ?  0.0000E+00 %P                                                                                                                                                                 0.000000       
  6   9.270000   3.5 -1             0                      7/2-  3 ?  0.0000E+00 %A      ?  0.0000E+00 %P      ?  0.0000E+00 %3HE                                                                                                                                                               0.000000       
  7   9.900000   1.5 -1  2.535E-22  0                      3/2-  3 ?  0.0000E+00 %P      ?  0.0000E+00 %3HE    ?  0.0000E+00 %A                                                                                                                                                                 0.000000       
  8  11.010000   1.5 -1  1.426E-21  0                      3/2-  3 ?  0.0000E+00 %3HE    ?  0.0000E+00 %A      ?  0.0000E+00 %P                                                                                                                                                                 0.000000       
  9  17.000000   0.5 -1  7.019E-23  0                      1/2-  1 ?  0.0000E+00 %3HE                                                                                                                                                                                                           0.000000       
  8Be    8    4   28   18    1   17   18.898644   17.254404
  1   0.000000   0.0  1  8.190E-17  0                        0+  1 =  1.0000E+02 %A                                                                                                                                                                                                             0.000000       
  2   3.030000   2.0  1  3.015E-22  1                        2+  1 =  1.0000E+02 %A                                                                                                                                                                                                             0.000000       
                                          1     3.0290  1.000E+00  1.000E+00  0.000E+00
  3  11.350000   4.0  1  1.304E-22  1                        4+  1 =  1.0000E+02 %A                                                                                                                                                                                                             0.000000       
                                          1    11.3500  1.000E+00  1.000E+00  0.000E+00
  4  16.626000   2.0  1  4.221E-21  2                        2+  2 =  1.0000E+02 %A      =  2.6500E-03 %IT                                                                                                                                                                                      0.000000       
                                          2    13.5800  2.585E-05  2.585E-05  0.000E+00
                                          1    16.6070  6.463E-07  6.463E-07  0.000E+00
  5  16.922000   2.0  1  6.165E-21  2                        2+  2 =  1.0000E+02 %A      =  3.8900E-03 %IT                                                                                                                                                                                      0.000000       
                                          2    13.8790  3.777E-05  3.777E-05  0.000E+00
                                          1    16.9030  1.133E-06  1.133E-06  0.000E+00
  6  17.640000   1.0  1  4.264E-20  4                        1+  2 =  9.9800E+01 %P      =  2.0400E-01 %IT                                                                                                                                                                                      0.000000       
                                          5     0.7180  1.215E-07  1.215E-07  0.000E+00
                                          4     1.0140  2.990E-06  2.990E-06  0.000E+00
                                          2    14.5860  6.354E-04  6.354E-04  0.000E+00
                                          1    17.6190  1.402E-03  1.402E-03  0.000E+00
  7  18.150000   1.0  1  3.306E-21  4                        1+  2 =  1.0000E+02 %P      =  4.6000E-03 %IT                                                                                                                                                                                      0.000000       
                                          5     1.2280  4.499E-07  4.499E-07  0.000E+00
                                          4     1.5240  5.588E-07  5.588E-07  0.000E+00
                                          2    15.0950  3.120E-05  3.120E-05  0.000E+00
                                          1    18.1280  1.379E-05  1.379E-05  0.000E+00
  8  18.910000   2.0 -1  3.740E-21  2                        2-  3 =  2.2000E-04 %IT     ?  0.0000E+00 %N      ?  0.0000E+00 %P                                                                                                                                                                 0.000000       
                                          5     1.9880  8.097E-07  8.097E-07  0.000E+00
                                          4     2.2840  1.390E-06  1.390E-06  0.000E+00
  9  19.069000   3.0  1  1.684E-21  1                        3+  2 =  1.0000E+02 %P      =  3.8700E-03 %IT                                                                                                                                                                                      0.000000       
                                          2    16.0130  3.870E-05  3.870E-05  0.000E+00
 10  19.235000   3.0  1  2.010E-21  0                        3+  2 =  5.0000E+01 %P      =  5.0000E+01 %N                                                                                                                                                                                       0.000000       
 11  19.400000   1.0 -1  7.073E-22  0                        1-  2 ?  0.0000E+00 %P      ?  0.0000E+00 %N                                                                                                                                                                                       0.000000       
 12  19.860000   4.0  1  6.518E-22  0                        4+  2 =  7.0000E+01 %A      =  3.0000E+01 %P                                                                                                                                                                                       0.000000       
 13  20.100000   2.0  1  5.185E-22  0                        2+  3 ?  0.0000E+00 %P      ?  0.0000E+00 %A      ?  0.0000E+00 %N                                                                                                                                                                 0.000000       
 14  20.200000   0.0  1  6.337E-22  0                        0+  2 =  5.0000E+01 %A      ?  0.0000E+00 %N                                                                                                                                                                                       0.000000       
 15  20.900000   4.0 -1  2.851E-22  0                        4-  1 ?  0.0000E+00 %P                                                                                                                                                                                                             0.000000       
 16  21.500000   3.0  1  4.148E-22  0                      3(+)  3 ?  0.0000E+00 %P      ?  0.0000E+00 %N      ?  0.0000E+00 %IT                                                                                                                                                                0.000000       
 17  22.000000   1.0 -1  1.141E-22  0                        1-  2 ?  0.0000E+00 %IT     ?  0.0000E+00 %P                                                                                                                                                                                       0.000000       
 18  22.050000  -1.0  0  1.690E-21  0                            0                                                                                                                                                                                                                              0.000000       
 19  22.240000   2.0  1  5.703E-22  0                        2+  4 ?  0.0000E+00 %A      ?  0.0000E+00 %D      ?  0.0000E+00 %P      ?  0.0000E+00 %N                                                                                                                                           0.000000       
 20  22.630000  -1.0  0  4.562E-21  0                            0                                                                                                                                                                                                                              0.000000       
 21  22.980000  -1.0  0  1.984E-21  0                            0                                                                                                                                                                                                                              0.000000       
 22  24.000000  -1.0  0  6.518E-23  0                    (1,2)-  3 ?  0.0000E+00 %A      ?  0.0000E+00 %P      ?  0.0000E+00 %IT                                                                                                                                                                0.000000       
 23  25.200000   2.0  1             0                        2+  3 ?  0.0000E+00 %A      ?  0.0000E+00 %D      ?  0.0000E+00 %P                                                                                                                                                                 0.000000       
 24  25.500000   4.0  1             0                        4+  2 ?  0.0000E+00 %A      ?  0.0000E+00 %D                                                                                                                                                                                       0.000000       
 25  27.494100   0.0  1  8.295E-20  1                        0+  7 =  3.9400E+01 %N      =  2.7000E+01 %D      =  1.1700E+01 %3H     =  7.9000E+00 %A      =  6.9000E+00 %P      =  6.6000E+00 %3HE    =  6.0000E-01 %IT                                                                        0.000000       
                                          6     9.8476  6.000E-03  6.000E-03  0.000E+00
 26  28.600000  -1.0  0             0                            2 ?  0.0000E+00 %P      ?  0.0000E+00 %IT                                                                                                                                                                                      0.000000       
 27  32.000000  -1.0  0  4.562E-22  0                            0                                                                                                                                                                                                                              0.000000       
 28  41.000000  -1.0  0             0                            0                                                                                                                                                                                                                              0.000000       
  9Be    9    4   33   22   31    5    1.664539   16.886325
  1   0.000000   1.5 -1 -1.000E+00  0 u                   3/2-*  0                                                                                                                                                                                                                              0.000000       
  2   1.684000   0.5  1  2.132E-21  1 u                    1/2+  2 =  1.0000E+02 %N      =  1.4000E-06 %IT                                                                                                                                                                                      0.000000       
                                          1     1.6840  1.400E-08  1.400E-08  0.000E+00
  3   2.429400   2.5 -1  5.849E-19  1 u                    5/2-  3 =  7.0000E+00 %N      =  1.0000E+00 %A      =  1.2000E-04 %IT                                                                                                                                                                0.000000       
                                          1     2.4290  1.200E-06  1.200E-06  0.000E+00
  4   2.780000   0.5 -1  4.148E-22  0 u                    1/2-  1 =  1.0000E+02 %N                                                                                                                                                                                                             0.000000       
  5   3.049000   2.5  1  1.618E-21  1 u                    5/2+  2 =  8.7000E+01 %N      =  1.0000E-06 %IT                                                                                                                                                                                      0.000000       
                                          1     3.0480  1.000E-08  1.000E-08  0.000E+00
  6   4.704000   1.5  1  6.140E-22  1 u                  (3/2)+  2 =  1.0000E+02 %N      =  1.6000E-06 %IT                                                                                                                                                                                      0.000000       
                                          1     4.7030  1.600E-08  1.600E-08  0.000E+00
  7   5.590000   1.5 -1  3.430E-22  1 u                  (3/2-)  0                                                                                                                                                                                                                              0.000000       
                                          1     5.5900  1.000E+00  1.000E+00  0.000E+00
  8   6.380000   3.5 -1  3.771E-22  1 u                    7/2-  2 =  1.0000E+02 %N      =  6.8000E-08 %IT                                                                                                                                                                                      0.000000       
                                          1     6.3780  6.800E-10  6.800E-10  0.000E+00
  9   6.760000   4.5  1  3.430E-22  1 u                    9/2+  2 =  1.0000E+02 %N      =  0.0000E+00 %IT                                                                                                                                                                                      0.000000       
                                          1     6.7570  0.000E+00  0.000E+00  0.000E+00
 10   7.940000   2.5 -1  4.562E-22  0 u                  (5/2-)  0                                                                                                                                                                                                                              0.000000       
 11  11.282000   3.5 -1  7.935E-22  0 u                  (7/2-)  1 =  1.5000E+01 %N                                                                                                                                                                                                             0.000000       
 12  11.810000   2.5 -1  1.141E-21  1 u                    5/2-  2 =  1.0000E+02 %N      =  0.0000E+00 %IT                                                                                                                                                                                      0.000000       
                                          1    11.8020  0.000E+00  0.000E+00  0.000E+00
 13  13.790000   2.5 -1  7.733E-22  1 c             (5/2-,7/2-)  2 =  1.0000E+02 %N      =  0.0000E+00 %IT                                                                                                                                                                                      0.000000       
                                          1    13.7790  0.000E+00  0.000E+00  0.000E+00
 14  14.392200   1.5 -1  1.250E-18  4 u                    3/2-  3 =  5.2600E+01 %N      =  4.3000E+01 %A      =  4.4000E+00 %IT                                                                                                                                                                0.000000       
                                          6     9.6830  2.286E-03  2.286E-03  0.000E+00
                                          5    11.3360  3.286E-03  3.286E-03  0.000E+00
                                          3    11.9543  2.041E-02  2.041E-02  0.000E+00
                                          1    14.3800  1.802E-02  1.802E-02  0.000E+00
 15  14.480000   2.5 -1  5.703E-22  0 u                  (5/2-)  0                                                                                                                                                                                                                              0.000000       
 16  15.100000   1.5  1             0 n                          1 =  0.0000E+00 %IT                                                                                                                                                                                                            0.000000       
 17  15.970000   2.5 -1  1.521E-21  1 g                          1 =  0.0000E+00 %IT                                                                                                                                                                                                            0.000000       
                                          1    15.9550  0.000E+00  0.000E+00  0.000E+00
 18  16.671000   2.5  1  1.113E-20  1 u                  (5/2+)  1 =  0.0000E+00 %IT                                                                                                                                                                                                            0.000000       
                                          1    16.6540  0.000E+00  0.000E+00  0.000E+00
 19  16.977100   0.5 -1  1.173E-18  5 u                    1/2-  5 =  7.4000E+01 %N      =  6.2000E+01 %A      =  1.5900E+01 %D      =  6.1000E+00 %IT     =  3.1000E+00 %P                                                                                                                     0.000000       
                                          6    12.2640  5.569E-03  5.569E-03  0.000E+00
                                          4    14.1900  5.742E-03  5.742E-03  0.000E+00
                                          3    14.5351  1.425E-03  1.425E-03  0.000E+00
                                          2    15.2790  5.094E-03  5.094E-03  0.000E+00
                                          1    16.9599  4.317E-02  4.317E-02  0.000E+00
 20  17.300000   2.5 -1  2.340E-21  1 u                  (5/2)-  5 =  1.0000E+02 %N      =  4.6000E-05 %IT     =  0.0000E+00 %D      =  0.0000E+00 %A      =  0.0000E+00 %P                                                                                                                     0.000000       
                                          1    17.2820  4.600E-07  4.600E-07  0.000E+00
 21  17.495000   3.5  1  9.707E-21  1 u                  (7/2)+  5 =  1.0000E+02 %N      =  1.7000E-05 %IT     =  0.0000E+00 %A      =  0.0000E+00 %P      =  0.0000E+00 %D                                                                                                                     0.000000       
                                          1    17.4760  1.700E-07  1.700E-07  0.000E+00
 22  18.020000   3.5  1             0 n                          1 =  0.0000E+00 %IT                                                                                                                                                                                                            0.000000       
 23  18.580000   1.5  1             0 n                          5 =  1.0000E+02 %N      =  0.0000E+00 %P      =  0.0000E+00 %D      =  0.0000E+00 %A      =  0.0000E+00 %IT                                                                                                                    0.000000       
 24  18.650000   2.5 -1  1.521E-21  0 u                  (5/2-)  1 =  1.0000E+02 %P                                                                                                                                                                                                             0.000000       
 25  19.200000   0.5  1  1.472E-21  0 n                          4 =  1.0000E+02 %N      =  0.0000E+00 %3H     =  0.0000E+00 %D      =  0.0000E+00 %P                                                                                                                                           0.000000       
 26  19.465000   4.5  1  7.604E-22  0 u                  (9/2+)  1 =  0.0000E+00 %IT                                                                                                                                                                                                            0.000000       
 27  19.900000   1.5  1             0 n                          2 =  1.0000E+02 %N      =  0.0000E+00 %IT                                                                                                                                                                                      0.000000       
 28  20.510000   1.5  1  7.604E-22  0 n                          3 =  1.0000E+02 %P      =  0.0000E+00 %D      =  0.0000E+00 %IT                                                                                                                                                                0.000000       
 29  20.750000   0.5  1  6.709E-22  0 n                          4 =  1.0000E+02 %N      =  0.0000E+00 %3H     =  0.0000E+00 %P      =  0.0000E+00 %IT                                                                                                                                          0.000000       
 30  21.400000   0.5  1             0 n                          2 =  1.0000E+02 %N      =  0.0000E+00 %IT                                                                                                                                                                                      0.000000       
 31  22.400000   0.5  1             0 n                          2 =  1.0000E+02 %N      =  0.0000E+00 %IT                                                                                                                                                                                      0.000000       
 32  23.800000  -1.0  0             0                            2 =  1.0000E+02 %N      =  0.0000E+00 %IT                                                                                                                                                                                      0.000000       
 33  27.000000  -1.0  0             0                            2 =  1.0000E+02 %N      =  0.0000E+00 %IT                                                                                                                                                                                      0.000000       
 10Be   10    4   41   13   17    8    6.812282   19.636390
  1   0.000000   0.0  1  4.377E+13  0 u                      0+  1 =  1.0000E+02 %B-                                                                                                                                                                                                            0.000000       
  2   3.368030   2.0  1  1.250E-13  1 u                      2+  1 =  1.0000E+02 %IT                                                                                                                                                                                                            0.000000       
                                          1     3.3674  1.000E+00  1.000E+00  0.000E+00
  3   5.958390   2.0  1             2 u                      2+  1 =  1.0000E+02 %IT                                                                                                                                                                                                            0.000000       
                                          2     2.5900  9.000E-01  9.000E-01  0.000E+00
                                          1     5.9559  1.000E-01  1.000E-01  0.000E+00
  4   5.959900   1.0 -1             2 u                      1-  1 =  1.0000E+02 %IT                                                                                                                                                                                                            0.000000       
                                          2     2.5915  1.700E-01  1.700E-01  0.000E+00
                                          1     5.9580  8.300E-01  8.300E-01  0.000E+00
  5   6.179300   0.0  1  8.000E-13  3 u                      0+  1 =  1.0000E+02 %IT                                                                                                                                                                                                            0.000000       
                                          4     0.2194  2.400E-01  2.400E-01  0.000E+00
                                          2     2.8110  7.600E-01  7.600E-01  0.000E+00
                                          1     6.1780  0.000E+00  0.000E+00  0.000E+00
  6   6.263300   2.0 -1             3 u                      2-  1 =  1.0000E+02 %IT                                                                                                                                                                                                            0.000000       
                                          4     0.3034  9.901E-03  9.901E-03  0.000E+00
                                          2     2.8949  9.802E-01  9.802E-01  0.000E+00
                                          1     6.2612  9.901E-03  9.901E-03  0.000E+00
  7   7.371000   3.0 -1  2.906E-20  2 u                      3-  2 =  0.0000E+00 %IT     =  0.0000E+00 %N                                                                                                                                                                                       0.000000       
                                          3     1.4120  0.000E+00  0.000E+00  0.000E+00
                                          2     4.0020  0.000E+00  0.000E+00  0.000E+00
  8   7.542000   2.0  1  7.242E-20  0 u                      2+  2 =  3.5000E+00 %A      =  0.0000E+00 %N                                                                                                                                                                                       0.000000       
  9   9.270000   4.0 -1  3.042E-21  0 u                    (4-)  1 =  0.0000E+00 %N                                                                                                                                                                                                             0.000000       
 10   9.560000   2.0  1  3.236E-21  0 u                      2+  2 =  1.6000E-01 %A      =  0.0000E+00 %N                                                                                                                                                                                       0.000000       
 11  10.150000   3.0 -1  1.541E-21  0 u                      3-  1 =  0.0000E+00 %A                                                                                                                                                                                                             0.000000       
 12  10.570000   1.0 -1             0 u                    GE 1  2 =  0.0000E+00 %A      =  0.0000E+00 %N                                                                                                                                                                                       0.000000       
 13  11.230000   1.0 -1  2.281E-21  0 n                          1 =  0.0000E+00 %A                                                                                                                                                                                                             0.000000       
 14  11.760000   4.0  1  3.771E-21  0 u                    (4+)  1 =  0.0000E+00 %A                                                                                                                                                                                                             0.000000       
 15  11.930000   5.0 -1  2.281E-21  0 u                    (5-)  1 =  0.0000E+00 %A                                                                                                                                                                                                             0.000000       
 16  13.050000   1.0 -1  1.573E-21  0 n                          1 =  0.0000E+00 %A                                                                                                                                                                                                             0.000000       
 17  13.850000   2.0 -1  1.383E-21  0 n                          1 =  0.0000E+00 %A                                                                                                                                                                                                             0.000000       
 18  14.680000  -1.0  0  1.472E-21  0                            1 =  0.0000E+00 %A                                                                                                                                                                                                             0.000000       
 19  15.300000   6.0 -1  5.703E-22  0                      (6-)  0                                                                                                                                                                                                                              0.000000       
 20  17.120000   2.0 -1  3.042E-21  0                      (2-)  0                                                                                                                                                                                                                              0.000000       
 21  17.790000  -1.0  0  4.074E-21  0                            4 =  0.0000E+00 %A      =  0.0000E+00 %3H     =  0.0000E+00 %N      =  0.0000E+00 %IT                                                                                                                                          0.000000       
 22  18.150000   0.0 -1  5.069E-21  0                      (0-)  1 =  0.0000E+00 %3H                                                                                                                                                                                                            0.000000       
 23  18.550000  -1.0  0  1.472E-21  0                            2 =  0.0000E+00 %3H     =  0.0000E+00 %N                                                                                                                                                                                       0.000000       
 24  19.800000  -1.0  0             0                            1 =  0.0000E+00 %P                                                                                                                                                                                                             0.000000       
 25  20.800000  -1.0  0             0                            1 =  0.0000E+00 %A                                                                                                                                                                                                             0.000000       
 26  21.216000   2.0 -1             0                      (2-)  3 =  0.0000E+00 %3H     =  0.0000E+00 %P      =  0.0000E+00 %N                                                                                                                                                                 0.000000       
 27  21.800000  -1.0  0  2.281E-21  0                            2 =  0.0000E+00 %P      =  0.0000E+00 %D                                                                                                                                                                                       0.000000       
 28  22.400000  -1.0  0  1.825E-21  0                            3 =  0.0000E+00 %3H     =  0.0000E+00 %P      =  0.0000E+00 %N                                                                                                                                                                 0.000000       
 29  23.000000  -1.0  0             0                            1 =  0.0000E+00 %P                                                                                                                                                                                                             0.000000       
 30  23.350000  -1.0  0             0                            5 =  0.0000E+00 %A      =  0.0000E+00 %3H     =  0.0000E+00 %D      =  0.0000E+00 %P      =  0.0000E+00 %N                                                                                                                     0.000000       
 31  23.650000  -1.0  0             0                            3 =  0.0000E+00 %A      =  0.0000E+00 %3H     =  0.0000E+00 %P                                                                                                                                                                 0.000000       
 32  24.000000  -1.0  0  3.042E-21  0                            3 =  0.0000E+00 %D      =  0.0000E+00 %3H     =  0.0000E+00 %A                                                                                                                                                                 0.000000       
 33  24.250000  -1.0  0  2.281E-21  0                            4 =  0.0000E+00 %A      =  0.0000E+00 %3H     =  0.0000E+00 %D      =  0.0000E+00 %P                                                                                                                                           0.000000       
 34  24.600000  -1.0  0  3.042E-21  0                            2 =  0.0000E+00 %D      =  0.0000E+00 %P                                                                                                                                                                                       0.000000       
 35  24.800000  -1.0  0  4.562E-21  0                            2 =  0.0000E+00 %D      =  0.0000E+00 %P                                                                                                                                                                                       0.000000       
 36  25.050000  -1.0  0  3.042E-21  0                            2 =  0.0000E+00 %A      =  0.0000E+00 %D                                                                                                                                                                                       0.000000       
 37  25.600000  -1.0  0             0                            3 =  0.0000E+00 %D      =  0.0000E+00 %A      =  0.0000E+00 %P                                                                                                                                                                 0.000000       
 38  25.950000  -1.0  0  1.521E-21  0                            1 =  0.0000E+00 %D                                                                                                                                                                                                             0.000000       
 39  26.300000  -1.0  0  4.562E-21  0                            2 =  0.0000E+00 %3H     =  0.0000E+00 %D                                                                                                                                                                                       0.000000       
 40  26.800000  -1.0  0             0                            3 =  0.0000E+00 %A      =  0.0000E+00 %D      =  0.0000E+00 %P                                                                                                                                                                 0.000000       
 41  27.200000  -1.0  0             0                            4 =  0.0000E+00 %A      =  0.0000E+00 %D      =  0.0000E+00 %3H     =  0.0000E+00 %P                                                                                                                                           0.000000       
 11Be   11    4   34    1   17    5    0.501636   20.164430
  1   0.000000   0.5  1  1.376E+01  0 u                   1/2+*  4 =  1.0000E+02 %B-     =  3.3000E+00 %B-A    =  1.3000E-03 %B-P    ?  0.0000E+00 %B-N                                                                                                                                         0.000000       
  2   0.320040   0.5 -1  1.150E-13  1 u                    1/2-  1 =  1.0000E+02 %IT                                                                                                                                                                                                            0.000000       
                                          1     0.3200  1.000E+00  1.000E+00  0.000E+00
  3   1.783000   2.5  1  4.562E-21  0 u                    5/2+  1 =  1.0000E+02 %N                                                                                                                                                                                                             0.000000       
  4   2.654000   1.5 -1  2.215E-21  0 u                    3/2-  1 =  1.0000E+02 %N                                                                                                                                                                                                             0.000000       
  5   3.400000   1.5 -1  3.740E-21  0 u                    3/2-  1 =  1.0000E+02 %N                                                                                                                                                                                                             0.000000       
  6   3.889000   1.5  1             0 c             (3/2+,5/2-)  1 ?  0.0000E+00 %N                                                                                                                                                                                                             0.000000       
  7   3.955000   1.5 -1  4.562E-20  0 u                    3/2-  1 ?  0.0000E+00 %N                                                                                                                                                                                                             0.000000       
  8   5.255000   2.5 -1  1.014E-20  0 u                    5/2-  1 ?  0.0000E+00 %N                                                                                                                                                                                                             0.000000       
  9   5.400000   1.5  1             0 n                          0                                                                                                                                                                                                                              0.000000       
 10   5.849000   0.5  1  3.282E-21  0 u                    1/2+  1 ?  0.0000E+00 %N                                                                                                                                                                                                             0.000000       
 11   5.980000   1.5  1             0 n                          0                                                                                                                                                                                                                              0.000000       
 12   6.050000   1.5  1  1.426E-21  0 n                          0                                                                                                                                                                                                                              0.000000       
 13   6.300000   2.5  1             0 n                          0                                                                                                                                                                                                                              0.000000       
 14   6.510000   0.5  1  3.802E-21  0 n                          1 ?  0.0000E+00 %N                                                                                                                                                                                                             0.000000       
 15   6.705000   3.5 -1  1.141E-20  0 u                  (7/2-)  1 ?  0.0000E+00 %N                                                                                                                                                                                                             0.000000       
 16   7.030000   2.5 -1  1.521E-21  0 u                  (5/2-)  1 ?  0.0000E+00 %N                                                                                                                                                                                                             0.000000       
 17   7.100000   1.5  1             0 n                          0                                                                                                                                                                                                                              0.000000       
 18   8.020000   1.5 -1  1.984E-21  0                      3/2-  0                                                                                                                                                                                                                              0.000000       
 19   8.200000   1.5 -1             0                      3/2-  0                                                                                                                                                                                                                              0.000000       
 20   8.813000  -1.0  0  2.281E-21  0               3/2-,(9/2-)  1 ?  0.0000E+00 %N                                                                                                                                                                                                             0.000000       
 21   9.400000  -1.0  0  6.518E-23  0                            0                                                                                                                                                                                                                              0.000000       
 22   9.600000  -1.0  0             0                            0                                                                                                                                                                                                                              0.000000       
 23  10.590000   2.5 -1  2.173E-21  0                      5/2-  2 ?  0.0000E+00 %N      ?  0.0000E+00 %A                                                                                                                                                                                       0.000000       
 24  10.730000   5.5 -1             0                   (11/2-)  0                                                                                                                                                                                                                              0.000000       
 25  12.000000  -1.0  0             0                            0                                                                                                                                                                                                                              0.000000       
 26  13.200000  -1.0  0             0                            0                                                                                                                                                                                                                              0.000000       
 27  13.600000   6.5 -1             0                   (13/2-)  0                                                                                                                                                                                                                              0.000000       
 28  16.300000  -1.0  0  6.518E-22  0                            0                                                                                                                                                                                                                              0.000000       
 29  17.500000  -1.0  0             0                            0                                                                                                                                                                                                                              0.000000       
 30  18.190000  -1.0  0  3.042E-22  0                            3 ?  0.0000E+00 %N      ?  0.0000E+00 %3H     ?  0.0000E+00 %A                                                                                                                                                                 0.000000       
 31  18.600000   7.5 -1             0                   (15/2-)  0                                                                                                                                                                                                                              0.000000       
 32  21.160000   1.5 -1  9.311E-22  0                      3/2-  0                                                                                                                                                                                                                              0.000000       
 33  21.500000   8.5 -1             0                   (17/2-)  0                                                                                                                                                                                                                              0.000000       
 34  25.000000   9.5 -1             0                   (19/2-)  0                                                                                                                                                                                                                              0.000000       
 12Be   12    4   30    4   17    4    3.170725   22.939468
  1   0.000000   0.0  1  2.146E-02  0 u                      0+  2 =  1.0000E+02 %B-     =  5.0000E-01 %B-N                                                                                                                                                                                     0.000000       
  2   2.109000   2.0  1  9.570E-13  1 u                      2+  1 =  1.0000E+02 %IT                                                                                                                                                                                                            0.000000       
                                          1     2.1090  1.000E+00  1.000E+00  0.000E+00
  3   2.251000   0.0  1  2.300E-07  2 u                      0+  1 =  1.0000E+02 %IT                                                                                                                                                                                                            0.000000       
                                          2     0.1420  1.000E+00  1.000E+00  0.000E+00
                                          1     2.2510  0.000E+00  0.000E+00  0.000E+00
  4   2.715000   1.0 -1  1.300E-15  1 u                      1-  1 =  1.0000E+02 %IT                                                                                                                                                                                                            0.000000       
                                          1     2.7150  1.000E+00  1.000E+00  0.000E+00
  5   4.412000   2.0 -1  7.196E-22  0 u                    (2-)  1 =  0.0000E+00 %N                                                                                                                                                                                                             0.000000       
  6   4.580000   2.0  1  4.517E-21  0 c                 (2+,3-)  0                                                                                                                                                                                                                              0.000000       
  7   5.724000   3.0 -1  5.368E-21  0 c              (4+,2+,3-)  0                                                                                                                                                                                                                              0.000000       
  8   6.275000   2.0 -1             0 n                          0                                                                                                                                                                                                                              0.000000       
  9   7.200000   2.0  1             0 u                    (2+)  0                                                                                                                                                                                                                              0.000000       
 10   8.230000   0.0 -1             0 n                          0                                                                                                                                                                                                                              0.000000       
 11   8.600000   1.0 -1             0 n                          0                                                                                                                                                                                                                              0.000000       
 12   9.300000   2.0 -1  2.281E-22  0 n                          0                                                                                                                                                                                                                              0.000000       
 13  10.000000   2.0 -1  3.042E-22  0 n                          0                                                                                                                                                                                                                              0.000000       
 14  10.800000   0.0  1             0 u                      0+  0                                                                                                                                                                                                                              0.000000       
 15  11.300000   2.0  1             0 u                      2+  0                                                                                                                                                                                                                              0.000000       
 16  11.800000   2.0  1  4.562E-22  0 c                  (0,2+)  0                                                                                                                                                                                                                              0.000000       
 17  12.100000   2.0  1             0 c                  (2+,4)  0                                                                                                                                                                                                                              0.000000       
 18  13.200000   4.0  1  4.562E-22  0                      (4+)  0                                                                                                                                                                                                                              0.000000       
 19  14.000000  -1.0  0             0                            0                                                                                                                                                                                                                              0.000000       
 20  14.900000   6.0  1             0                        6+  0                                                                                                                                                                                                                              0.000000       
 21  15.500000  -1.0  0  3.042E-22  0                            0                                                                                                                                                                                                                              0.000000       
 22  16.100000   6.0  0             0                         6  0                                                                                                                                                                                                                              0.000000       
 23  17.800000   6.0  0  1.304E-21  0                         6  0                                                                                                                                                                                                                              0.000000       
 24  18.600000   6.0  0             0                         6  0                                                                                                                                                                                                                              0.000000       
 25  19.300000   6.0  0             0                         6  0                                                                                                                                                                                                                              0.000000       
 26  20.900000   8.0  1             0                        8+  0                                                                                                                                                                                                                              0.000000       
 27  22.800000  -1.0  0             0                            0                                                                                                                                                                                                                              0.000000       
 28  24.000000  -1.0  0             0                            0                                                                                                                                                                                                                              0.000000       
 29  25.000000  -1.0  0  1.233E-21  0                            1 =  0.0000E+00 %P                                                                                                                                                                                                             0.000000       
 30  28.000000  -1.0  0  1.690E-22  0                            1 =  0.0000E+00 %P                                                                                                                                                                                                             0.000000       
 13Be   13    4    1    0    1    1   -0.510000   22.639468
  1   0.000000   0.5 -1  1.000E-21  0                    (1/2-)  1 ?  0.0000E+00 %N                                                                                                                                                                                                             0.000000       
 14Be   14    4    1    0    1    1    1.775895   24.315363
  1   0.000000   0.0  1  4.530E-03  0                        0+  5 =  1.0000E+02 %B-     =  8.6000E+01 %B-N    =  5.0000E+00 %B-2N   =  2.0000E-02 %B-T    <  4.0000E-03 %B-A                                                                                                                   0.000000       
 15Be   15    4    1    0    1    1   -1.800000    0.000000
  1   0.000000   2.5  1  7.900E-22  0                    (5/2+)  1 =  1.0000E+02 %N                                                                                                                                                                                                             0.000000       
 16Be   16    4    1    0    1    1    0.450000    0.000000
  1   0.000000   0.0  1  6.500E-22  0                        0+  1 =  1.0000E+02 %2N                                                                                                                                                                                                            0.000000       
