  6B     6    5    1    0    1    1    0.000000   -2.892000
  1   0.000000   2.0 -1             0                       2-#  1 ?  0.0000E+00 %2P                                                                                                                                                                                                            0.000000       
  7B     7    5    1    0    1    1   27.715000   -2.012548
  1   0.000000   1.5 -1  5.700E-22  0                    (3/2-)  1 =  1.0000E+02 %P                                                                                                                                                                                                             0.000000       
  8B     8    5    5    2    1    5   12.826302    0.136400
  1   0.000000   2.0  1  7.719E-01  0                        2+  2 =  1.0000E+02 %B+A    =  1.0000E+02 %EC+%B+                                                                                                                                                                                  0.000000       
  2   0.769500   1.0  1  1.282E-20  1                        1+  2 =  1.0000E+02 %P      =  7.0000E-05 %IT                                                                                                                                                                                      0.000000       
                                          1     0.7695  7.000E-07  7.000E-07  0.000E+00
  3   2.320000   3.0  1  1.304E-21  1                        3+  2 =  1.0000E+02 %P      =  2.9000E-05 %IT                                                                                                                                                                                      0.000000       
                                          1     2.3200  2.900E-07  2.900E-07  0.000E+00
  4   3.500000   2.0 -1  5.703E-23  0                        2-  0                                                                                                                                                                                                                              0.000000       
  5  10.619000   0.0  1             0                        0+  0                                                                                                                                                                                                                              0.000000       
  9B     9    5   22    6   21    1   18.576401   -0.185843
  1   0.000000   1.5 -1  8.000E-19  0 u                    3/2-  1 =  1.0000E+02 %P                                                                                                                                                                                                             0.000000       
  2   1.500000   2.5  1  3.802E-22  0 n                          2 =  1.0000E+02 %P      =  0.0000E+00 %A                                                                                                                                                                                       0.000000       
  3   2.345000   2.5 -1  5.633E-21  0 u                    5/2-  2 =  9.9500E+01 %A      =  5.0000E-01 %P                                                                                                                                                                                       0.000000       
  4   2.751000   2.5  1  7.431E-22  0 u                    5/2+  1 =  1.0000E+02 %P                                                                                                                                                                                                             0.000000       
  5   2.780000   0.5 -1  1.458E-22  0 u                    1/2-  2 =  9.0000E+01 %P      =  1.0000E+01 %A                                                                                                                                                                                       0.000000       
  6   4.800000   2.5  1  3.802E-22  0 n                          1 =  1.0000E+02 %A                                                                                                                                                                                                             0.000000       
  7   6.985000   3.5 -1  2.093E-22  0 u                    7/2-  1 =  1.0000E+02 %P                                                                                                                                                                                                             0.000000       
  8  11.640000   3.5 -1  5.849E-22  0 u                  (7/2)-  1 =  1.0000E+02 %P                                                                                                                                                                                                             0.000000       
  9  12.160000   0.5  1  1.003E-21  0 n                          2 =  7.4000E+01 %A      =  2.4000E+01 %P                                                                                                                                                                                       0.000000       
 10  14.010000   1.5  1  1.170E-21  0 n                          1 =  1.0000E+02 %P                                                                                                                                                                                                             0.000000       
 11  14.655000   1.5 -1  1.210E-18  4 u                    3/2-  3 =  4.6000E+01 %A      =  4.4000E+01 %P      =  4.0900E+00 %IT                                                                                                                                                                0.000000       
                                          5    11.8700  3.030E-03  3.030E-03  0.000E+00
                                          3    12.3010  1.894E-02  1.894E-02  0.000E+00
                                          2    13.1450  7.763E-04  7.763E-04  0.000E+00
                                          1    14.6422  1.816E-02  1.816E-02  0.000E+00
 12  14.700000   2.5 -1  3.380E-22  0 u                  (5/2)-  0                                                                                                                                                                                                                              0.000000       
 13  15.290000   1.5  1             0 n                          0                                                                                                                                                                                                                              0.000000       
 14  15.580000   1.5  1             0 n                          0                                                                                                                                                                                                                              0.000000       
 15  16.024000   2.5  1  2.535E-21  0 n                          0                                                                                                                                                                                                                              0.000000       
 16  16.710000   2.5  1             0 u                  (5/2+)  0                                                                                                                                                                                                                              0.000000       
 17  17.076000   0.5  1  2.074E-20  2 g                          2 =  1.0000E+02 %3HE    =  0.0000E+00 %IT                                                                                                                                                                                      0.000000       
                                          3    14.7180  0.000E+00  0.000E+00  0.000E+00
                                          1    17.0590  0.000E+00  0.000E+00  0.000E+00
 18  17.190000   0.5  1  4.038E-21  0 n                          3 =  1.0000E+02 %P      =  0.0000E+00 %3HE    =  0.0000E+00 %D                                                                                                                                                                 0.000000       
 19  17.540000   3.5  1             0 u                  (7/2+)  0                                                                                                                                                                                                                              0.000000       
 20  17.638000   0.5  1  6.426E-21  0 n                          4 =  1.0000E+02 %P      =  0.0000E+00 %A      =  0.0000E+00 %3HE    =  0.0000E+00 %D                                                                                                                                           0.000000       
 21  18.600000   2.5  1  4.562E-22  0 n                          2 =  1.0000E+02 %P      =  0.0000E+00 %3HE                                                                                                                                                                                     0.000000       
 22  20.700000  -1.0  0  2.851E-22  0                            0                                                                                                                                                                                                                              0.000000       
 10B    10    5   41   44   24   12    8.437193    6.586811
  1   0.000000   3.0  1 -1.000E+00  0 u                     3+*  0                                                                                                                                                                                                                              0.000000       
  2   0.718380   1.0  1  7.070E-10  1 u                      1+  1 =  1.0000E+02 %IT                                                                                                                                                                                                            0.000000       
                                          1     0.7184  1.000E+00  1.000E+00  0.000E+00
  3   1.740050   0.0  1  4.900E-15  2 u                      0+  1 =  1.0000E+02 %IT                                                                                                                                                                                                            0.000000       
                                          2     1.0217  9.980E-01  9.980E-01  0.000E+00
                                          1     1.7400  1.996E-03  1.996E-03  0.000E+00
  4   2.154270   1.0  1  1.480E-12  3 u                      1+  1 =  1.0000E+02 %IT                                                                                                                                                                                                            0.000000       
                                          3     0.4141  5.160E-01  5.160E-01  0.000E+00
                                          2     1.4358  2.730E-01  2.730E-01  0.000E+00
                                          1     2.1541  2.110E-01  2.110E-01  0.000E+00
  5   3.587130   2.0  1  1.020E-13  4 u                      2+  1 =  1.0000E+02 %IT                                                                                                                                                                                                            0.000000       
                                          4     1.4327  1.396E-01  1.396E-01  0.000E+00
                                          3     1.8467  2.991E-03  2.991E-03  0.000E+00
                                          2     2.8683  6.680E-01  6.680E-01  0.000E+00
                                          1     3.5864  1.894E-01  1.894E-01  0.000E+00
  6   4.774000   3.0  1  5.849E-17  2 u                      3+  2 =  9.9800E+01 %A      =  2.3000E-01 %IT                                                                                                                                                                                      0.000000       
                                          2     4.0548  2.289E-03  2.289E-03  0.000E+00
                                          1     4.7728  1.150E-05  1.150E-05  0.000E+00
  7   5.110300   2.0 -1  4.665E-19  3 u                      2-  2 =  1.0000E+02 %A      =  3.3000E-03 %IT                                                                                                                                                                                      0.000000       
                                          3     3.3696  1.650E-06  1.650E-06  0.000E+00
                                          2     4.3909  1.023E-05  1.023E-05  0.000E+00
                                          1     5.1089  2.112E-05  2.112E-05  0.000E+00
  8   5.163900   2.0  1  2.549E-16  5 u                      2+  2 =  8.4000E+01 %IT     =  1.6000E+01 %A                                                                                                                                                                                       0.000000       
                                          5     1.5767  6.513E-02  6.513E-02  0.000E+00
                                          4     3.0091  5.452E-01  5.452E-01  0.000E+00
                                          3     3.4231  4.175E-03  4.175E-03  0.000E+00
                                          2     4.4444  1.887E-01  1.887E-01  0.000E+00
                                          1     5.1625  3.674E-02  3.674E-02  0.000E+00
  9   5.182000   1.0  1  4.148E-21  1 u                      1+  2 =  1.0000E+02 %A      =  5.4000E-05 %IT                                                                                                                                                                                      0.000000       
                                          3     3.4392  5.400E-07  5.400E-07  0.000E+00
 10   5.919500   2.0  1  7.839E-20  2 u                      2+  2 =  1.0000E+02 %A      =  2.4000E-03 %IT                                                                                                                                                                                      0.000000       
                                          2     5.1997  4.320E-06  4.320E-06  0.000E+00
                                          1     5.9176  1.968E-05  1.968E-05  0.000E+00
 11   6.024900   4.0  1  8.774E-18  1 u                      4+  2 =  9.9790E+01 %A      =  2.1000E-01 %IT                                                                                                                                                                                      0.000000       
                                          1     6.0231  2.100E-03  2.100E-03  0.000E+00
 12   6.129100   3.0 -1  3.002E-19  0 u                      3-  3 =  9.5500E+01 %A      =  3.1000E+00 %D      =  1.4000E+00 %IT                                                                                                                                                                0.000000       
 13   6.560100   4.0 -1  1.810E-20  0 u                    (4)-  2 =  1.0000E+02 %A      =  0.0000E+00 %IT                                                                                                                                                                                      0.000000       
 14   6.875000   1.0 -1  3.802E-21  7 u                      1-  4 =  1.2400E-03 %IT     =  0.0000E+00 %A      =  0.0000E+00 %P      =  0.0000E+00 %D                                                                                                                                           0.000000       
                                         10     0.9535  4.293E-07  4.293E-07  0.000E+00
                                          8     1.7089  3.680E-07  3.680E-07  0.000E+00
                                          7     1.7625  4.906E-07  4.906E-07  0.000E+00
                                          4     4.7175  1.594E-06  1.594E-06  0.000E+00
                                          3     5.1314  6.500E-06  6.500E-06  0.000E+00
                                          2     6.1526  2.453E-06  2.453E-06  0.000E+00
                                          1     6.8720  5.642E-07  5.642E-07  0.000E+00
 15   7.004000   3.0  1  4.655E-21  0 u                      3+  3 =  0.0000E+00 %D      =  0.0000E+00 %A      =  0.0000E+00 %P                                                                                                                                                                 0.000000       
 16   7.428000   1.0 -1  4.854E-21  4 u                      1-  4 =  5.1000E-03 %IT     =  0.0000E+00 %A      =  0.0000E+00 %D      =  0.0000E+00 %P                                                                                                                                           0.000000       
                                          7     2.3170  1.554E-05  1.554E-05  0.000E+00
                                          4     5.2720  1.069E-05  1.069E-05  0.000E+00
                                          3     5.6860  2.429E-06  2.429E-06  0.000E+00
                                          2     6.7070  2.234E-05  2.234E-05  0.000E+00
 17   7.470000   2.0  1  7.019E-21  0 u                      2+  2 =  1.0000E+02 %P      =  1.8000E-02 %IT                                                                                                                                                                                      0.000000       
 18   7.479000   2.0 -1  6.165E-21  0 u                      2-  2 =  7.2000E-03 %IT     =  0.0000E+00 %P                                                                                                                                                                                       0.000000       
 19   7.559900   0.0  1  1.722E-19  3 u                      0+  2 =  2.3000E-01 %IT     =  0.0000E+00 %P                                                                                                                                                                                       0.000000       
                                          9     2.3800  3.220E-04  3.220E-04  0.000E+00
                                          4     5.4040  2.070E-04  2.070E-04  0.000E+00
                                          2     6.8391  1.771E-03  1.771E-03  0.000E+00
 20   7.666000   1.0  1  1.847E-21  0 u                    (1+)  3 =  3.0000E+01 %P      =  0.0000E+00 %D      =  0.0000E+00 %A                                                                                                                                                                 0.000000       
 21   7.750000   2.0 -1  2.173E-21  5 u                      2-  2 =  6.5000E+01 %P      =  2.6000E-03 %IT                                                                                                                                                                                      0.000000       
                                          7     2.6390  1.249E-06  1.249E-06  0.000E+00
                                          5     4.1620  8.849E-07  8.849E-07  0.000E+00
                                          4     5.5940  9.630E-07  9.630E-07  0.000E+00
                                          2     7.0280  2.863E-06  2.863E-06  0.000E+00
                                          1     7.7460  2.004E-05  2.004E-05  0.000E+00
 22   7.811000   1.0 -1  1.755E-21  0 u                      1-  2 =  9.0000E+01 %P      =  0.0000E+00 %A                                                                                                                                                                                       0.000000       
 23   7.960000   0.0 -1  1.601E-21  0 n                          1 =  0.0000E+00 %A                                                                                                                                                                                                             0.000000       
 24   8.070000   2.0  1  5.703E-22  0 u                      2+  3 =  7.0000E+00 %P      =  0.0000E+00 %D      =  0.0000E+00 %IT                                                                                                                                                                0.000000       
 25   8.680000  -1.0  0  2.074E-21  0                   (1+,2+)  2 =  0.0000E+00 %P      =  0.0000E+00 %D                                                                                                                                                                                       0.000000       
 26   8.887000   3.0 -1  4.752E-21  0                        3-  3 =  8.5000E+01 %P      =  0.0000E+00 %A      =  0.0000E+00 %N                                                                                                                                                                 0.000000       
 27   8.895000   2.0  1  1.170E-20  1                        2+  3 =  3.5000E+01 %P      =  1.3000E-03 %IT     =  0.0000E+00 %A                                                                                                                                                                 0.000000       
                                          1     8.8900  1.300E-05  1.300E-05  0.000E+00
 28   9.580000  -1.0  0  1.775E-21  0                            1 =  0.0000E+00 %A                                                                                                                                                                                                             0.000000       
 29   9.700000  -1.0  0  7.242E-22  0                            3 =  0.0000E+00 %N      =  0.0000E+00 %P      =  0.0000E+00 %A                                                                                                                                                                 0.000000       
 30  10.825000  -1.0  0  1.304E-21  0                (2+,3+,4+)  3 =  0.0000E+00 %IT     =  0.0000E+00 %P      =  0.0000E+00 %N                                                                                                                                                                 0.000000       
 31  11.511000  -1.0  0  1.444E-21  0                            2 =  0.0000E+00 %IT     =  0.0000E+00 %A                                                                                                                                                                                       0.000000       
 32  12.564000  -1.0  0  4.304E-21  0                (0+,1+,2+)  2 =  0.0000E+00 %P      =  0.0000E+00 %IT                                                                                                                                                                                      0.000000       
 33  13.494000  -1.0  0  1.521E-21  0                (0+,1+,2+)  2 =  0.0000E+00 %P      =  0.0000E+00 %IT                                                                                                                                                                                      0.000000       
 34  14.340000  -1.0  0  5.703E-22  0                            3 =  0.0000E+00 %A      =  0.0000E+00 %P      =  0.0000E+00 %IT                                                                                                                                                                0.000000       
 35  18.200000  -1.0  0  3.042E-22  0                            0                                                                                                                                                                                                                              0.000000       
 36  18.430000   2.0 -1  1.342E-21  0                        2-  2 =  0.0000E+00 %3HE    =  0.0000E+00 %IT                                                                                                                                                                                      0.000000       
 37  18.800000  -1.0  0             0                     2+,1+  3 =  1.3400E+01 %A      =  0.0000E+00 %IT     =  0.0000E+00 %3HE                                                                                                                                                               0.000000       
 38  19.290000   2.0 -1  2.401E-21  0                        2-  5 =  1.0500E+01 %A      =  0.0000E+00 %3HE    =  0.0000E+00 %IT     =  0.0000E+00 %P      =  0.0000E+00 %N                                                                                                                     0.000000       
 39  20.100000   1.0 -1  1.304E-21  0                        1-  6 =  0.0000E+00 %A      =  0.0000E+00 %3H     =  0.0000E+00 %3HE    =  0.0000E+00 %P      =  0.0000E+00 %N      =  0.0000E+00 %IT                                                                                              0.000000       
 40  21.100000  -1.0  0             0                            2 =  0.0000E+00 %3HE    =  0.0000E+00 %IT                                                                                                                                                                                      0.000000       
 41  23.100000  -1.0  0             0                            2 =  0.0000E+00 %N      =  0.0000E+00 %IT                                                                                                                                                                                      0.000000       
 11B    11    5   41   27   30    8   11.454221   11.228750
  1   0.000000   1.5 -1 -1.000E+00  0 u                   3/2-*  0                                                                                                                                                                                                                              0.000000       
  2   2.124693   0.5 -1  3.899E-15  1 u                    1/2-  0                                                                                                                                                                                                                              0.000000       
                                          1     2.1245  1.000E+00  1.000E+00  0.000E+00
  3   4.444980   2.5 -1  8.295E-16  1 u                    5/2-  0                                                                                                                                                                                                                              0.000000       
                                          1     4.4440  1.000E+00  1.000E+00  0.000E+00
  4   5.020300   1.5 -1  2.316E-16  2 u                    3/2-  0                                                                                                                                                                                                                              0.000000       
                                          2     2.8953  1.440E-01  1.440E-01  0.000E+00
                                          1     5.0190  8.560E-01  8.560E-01  0.000E+00
  5   6.741850   3.5 -1  1.521E-14  2 u                    7/2-  0                                                                                                                                                                                                                              0.000000       
                                          3     2.2966  3.000E-01  3.000E-01  0.000E+00
                                          1     6.7395  7.000E-01  7.000E-01  0.000E+00
  6   6.791800   0.5  1  1.170E-15  3 u                    1/2+  0                                                                                                                                                                                                                              0.000000       
                                          4     1.7713  4.000E-02  4.000E-02  0.000E+00
                                          2     4.6659  2.850E-01  2.850E-01  0.000E+00
                                          1     6.7898  6.750E-01  6.750E-01  0.000E+00
  7   7.285510   2.5  1  4.002E-16  3 u                    5/2+  0                                                                                                                                                                                                                              0.000000       
                                          4     2.2649  7.500E-02  7.500E-02  0.000E+00
                                          3     2.8402  5.500E-02  5.500E-02  0.000E+00
                                          1     7.2829  8.700E-01  8.700E-01  0.000E+00
  8   7.977840   1.5  1  3.967E-16  3 u                    3/2+  0                                                                                                                                                                                                                              0.000000       
                                          7     0.6923  8.479E-03  8.479E-03  0.000E+00
                                          2     5.8515  5.307E-01  5.307E-01  0.000E+00
                                          1     7.9747  4.608E-01  4.608E-01  0.000E+00
  9   8.560100   1.5 -1  4.562E-16  4 u                  (3/2-)  0                                                                                                                                                                                                                              0.000000       
                                          4     3.5394  9.000E-02  9.000E-02  0.000E+00
                                          3     4.1146  5.000E-02  5.000E-02  0.000E+00
                                          2     6.4336  3.000E-01  3.000E-01  0.000E+00
                                          1     8.5567  5.600E-01  5.600E-01  0.000E+00
 10   8.920470   2.5 -1  1.043E-16  2 u                    5/2-  2 =  9.9800E+01 %IT     =  1.4000E-01 %A                                                                                                                                                                                       0.000000       
                                          3     4.4745  4.514E-02  4.514E-02  0.000E+00
                                          1     8.9167  9.529E-01  9.529E-01  0.000E+00
 11   9.183500   3.5  1  2.535E-16  3 u                    7/2+  2 =  9.1600E+01 %A      =  9.4000E+00 %IT                                                                                                                                                                                      0.000000       
                                          5     2.4418  1.175E-02  1.175E-02  0.000E+00
                                          3     4.7390  8.140E-02  8.140E-02  0.000E+00
                                          1     9.1809  8.460E-04  8.460E-04  0.000E+00
 12   9.271700   2.5  1  1.141E-19  3 u                    5/2+  2 =  9.9970E+01 %A      =  3.0000E-02 %IT                                                                                                                                                                                      0.000000       
                                          5     2.5290  3.570E-05  3.570E-05  0.000E+00
                                          3     4.8260  2.091E-04  2.091E-04  0.000E+00
                                          1     9.2690  5.520E-05  5.520E-05  0.000E+00
 13   9.820000   0.5  1             0 u                  (1/2+)  0                                                                                                                                                                                                                              0.000000       
 14   9.873000   1.5  1  4.186E-21  0 u                    3/2+  1 =  0.0000E+00 %A                                                                                                                                                                                                             0.000000       
 15  10.262000   1.5 -1  2.799E-21  0 u                    3/2-  2 =  8.9500E+01 %A      =  1.0500E+01 %IT                                                                                                                                                                                      0.000000       
 16  10.330000   2.5 -1  4.074E-21  0 u                    5/2-  2 =  1.0000E+02 %A      =  8.9000E-03 %IT                                                                                                                                                                                      0.000000       
 17  10.602000   3.5  1  5.014E-21  0 u                    7/2+  2 =  1.0000E+02 %A      =  2.0000E-04 %IT                                                                                                                                                                                      0.000000       
 18  10.960000   2.5 -1  1.014E-22  0 u                    5/2-  1 =  0.0000E+00 %A                                                                                                                                                                                                             0.000000       
 19  11.272000   4.5  1  4.148E-21  0 u                    9/2+  2 =  1.0000E+02 %A      =  0.0000E+00 %IT                                                                                                                                                                                      0.000000       
 20  11.450000   0.5  1  4.906E-21  0 n                          1 =  0.0000E+00 %A                                                                                                                                                                                                             0.000000       
 21  11.600000   2.5  1  2.535E-21  0 u                    5/2+  2 =  1.0000E+02 %A      =  1.0000E+02 %N                                                                                                                                                                                       0.000000       
 22  11.893000   2.5 -1  2.352E-21  0 u                    5/2-  2 =  1.0000E+02 %A      =  1.0000E+02 %N                                                                                                                                                                                       0.000000       
 23  12.040000   3.5  1  4.562E-22  0 u                    7/2+  2 =  1.0000E+02 %A      =  1.0000E+02 %N                                                                                                                                                                                       0.000000       
 24  12.554000   0.5  1  2.226E-21  0 c             1/2+,(3/2+)  3 =  1.0000E+02 %A      =  1.0000E+02 %P      =  6.0000E-03 %IT                                                                                                                                                                0.000000       
 25  12.917000   0.5 -1  1.984E-21  0 u                    1/2-  3 =  1.0000E+02 %A      =  1.0000E+02 %P      =  1.3000E-02 %IT                                                                                                                                                                0.000000       
 26  13.137000   4.5 -1  1.071E-21  0 u                    9/2-  3 =  1.0000E+02 %A      =  1.0000E+02 %N      =  0.0000E+00 %3H                                                                                                                                                                0.000000       
 27  13.160000   2.5  1  1.257E-21  0 c               5/2+,7/2+  2 ?  0.0000E+00 %N      ?  0.0000E+00 %A                                                                                                                                                                                       0.000000       
 28  14.040000   5.5  1  9.125E-22  0 u                   11/2+  2 ?  0.0000E+00 %A      ?  0.0000E+00 %N                                                                                                                                                                                       0.000000       
 29  14.340000   2.5  1  1.803E-21  0 u                    5/2+  2 =  1.0000E+02 %P      =  6.3000E-03 %IT                                                                                                                                                                                      0.000000       
 30  14.563000   2.5  1             0 n                          3 ?  0.0000E+00 %A      ?  0.0000E+00 %3H     ?  0.0000E+00 %N                                                                                                                                                                 0.000000       
 31  15.290000  -1.0  0  1.618E-21  0            (3/2,5/2,7/2)+  4 ?  0.0000E+00 %A      ?  0.0000E+00 %P      ?  0.0000E+00 %N      ?  0.0000E+00 %IT                                                                                                                                          0.000000       
 32  16.432000  -1.0  0             0                            3 ?  0.0000E+00 %A      ?  0.0000E+00 %D      ?  0.0000E+00 %P                                                                                                                                                                 0.000000       
 33  17.310000  -1.0  0  4.562E-22  0                            4 ?  0.0000E+00 %A      ?  0.0000E+00 %3H     ?  0.0000E+00 %N      ?  0.0000E+00 %D                                                                                                                                           0.000000       
 34  17.500000  -1.0  0  3.933E-21  0                            5 ?  0.0000E+00 %P      ?  0.0000E+00 %D      ?  0.0000E+00 %A      ?  0.0000E+00 %IT     ?  0.0000E+00 %N                                                                                                                     0.000000       
 35  18.000000  -1.0  0  5.244E-22  0                            0                                                                                                                                                                                                                              0.000000       
 36  18.370000  -1.0  0  1.755E-21  0            (1/2,3/2,5/2)+  2 ?  0.0000E+00 %IT     ?  0.0000E+00 %D                                                                                                                                                                                       0.000000       
 37  19.125000  -1.0  0  3.967E-21  0                         +  0                                                                                                                                                                                                                              0.000000       
 38  19.700000   0.5  1             0                    (1/2+)  2 ?  0.0000E+00 %D      ?  0.0000E+00 %IT                                                                                                                                                                                      0.000000       
 39  21.270000  -1.0  0  1.521E-21  0                            0                                                                                                                                                                                                                              0.000000       
 40  23.700000  -1.0  0             0            (1/2,3/2,5/2)+  2 ?  0.0000E+00 %D      ?  0.0000E+00 %IT                                                                                                                                                                                      0.000000       
 41  26.500000  -1.0  0             0                            2 ?  0.0000E+00 %N      ?  0.0000E+00 %IT                                                                                                                                                                                      0.000000       
 12B    12    5   62    7   48   15    3.369628   14.096742
  1   0.000000   1.0  1  2.020E-02  0 u                     1+*  2 =  1.0000E+02 %B-     =  6.0000E-01 %B-A                                                                                                                                                                                     0.000000       
  2   0.953140   2.0  1  1.800E-13  1 u                      2+  1 =  1.0000E+02 %IT                                                                                                                                                                                                            0.000000       
                                          1     0.9531  1.000E+00  1.000E+00  0.000E+00
  3   1.673650   2.0 -1             2 u                      2-  1 =  1.0000E+02 %IT                                                                                                                                                                                                            0.000000       
                                          2     0.7205  3.195E-02  3.195E-02  0.000E+00
                                          1     1.6735  9.681E-01  9.681E-01  0.000E+00
  4   2.620800   1.0 -1             3 u                      1-  1 =  1.0000E+02 %IT                                                                                                                                                                                                            0.000000       
                                          3     0.9471  1.429E-01  1.429E-01  0.000E+00
                                          2     1.6675  7.937E-01  7.937E-01  0.000E+00
                                          1     2.6205  6.349E-02  6.349E-02  0.000E+00
  5   2.723000   0.0  1             1 u                      0+  1 =  1.0000E+02 %IT                                                                                                                                                                                                            0.000000       
                                          1     2.7227  1.000E+00  1.000E+00  0.000E+00
  6   3.389100   3.0 -1  1.472E-16  0 u                      3-  2 =  9.9200E+01 %N      =  8.0000E-01 %IT                                                                                                                                                                                      0.000000       
  7   3.760000   2.0  1  1.141E-20  0 u                      2+  2 =  1.0000E+02 %N      =  8.0000E-04 %IT                                                                                                                                                                                      0.000000       
  8   4.000000   0.0 -1             0 u                      0-  0                                                                                                                                                                                                                              0.000000       
  9   4.302000   1.0 -1  5.069E-20  0 u                      1-  2 =  1.0000E+02 %N      =  3.3000E-03 %IT                                                                                                                                                                                      0.000000       
 10   4.460000   2.0 -1  1.755E-21  0 u                      2-  1 =  1.0000E+02 %N                                                                                                                                                                                                             0.000000       
 11   4.523000   4.0 -1  4.148E-21  0 u                      4-  2 =  1.0000E+02 %N      =  1.8000E-04 %IT                                                                                                                                                                                      0.000000       
 12   4.990000   1.0  1  9.125E-21  0 u                      1+  2 =  1.0000E+02 %N      =  1.8000E-03 %IT                                                                                                                                                                                      0.000000       
 13   5.610000   3.0  1  3.967E-21  0 u                      3+  1 =  1.0000E+02 %N                                                                                                                                                                                                             0.000000       
 14   5.726000   3.0 -1  7.866E-21  0 u                      3-  1 =  1.0000E+02 %N                                                                                                                                                                                                             0.000000       
 15   6.000000   1.0 -1             0 u                      1-  1 =  1.0000E+02 %N                                                                                                                                                                                                             0.000000       
 16   6.200000   0.0 -1             0 n                          0                                                                                                                                                                                                                              0.000000       
 17   6.600000   1.0  1  3.259E-21  0 u                      1+  1 =  1.0000E+02 %N                                                                                                                                                                                                             0.000000       
 18   7.060000   1.0 -1             0 u                      1-  1 =  1.0000E+02 %N                                                                                                                                                                                                             0.000000       
 19   7.300000   1.0 -1             0 n                          0                                                                                                                                                                                                                              0.000000       
 20   7.545000   3.0 -1             0 n                          1 =  1.0000E+02 %N                                                                                                                                                                                                             0.000000       
 21   7.670000   2.0 -1  1.014E-20  0 u                      2-  1 =  1.0000E+02 %N                                                                                                                                                                                                             0.000000       
 22   7.700000   1.0 -1  2.401E-22  0 u                      1-  0                                                                                                                                                                                                                              0.000000       
 23   7.800000   2.0 -1  1.141E-22  0 n                          0                                                                                                                                                                                                                              0.000000       
 24   7.836000   1.0 -1  7.604E-21  0 u                      1-  1 =  1.0000E+02 %N                                                                                                                                                                                                             0.000000       
 25   7.937000   1.0 -1             0 u                      1-  1 =  1.0000E+02 %N                                                                                                                                                                                                             0.000000       
 26   8.130000   3.0 -1  1.755E-21  0 u                    (3-)  1 =  1.0000E+02 %N                                                                                                                                                                                                             0.000000       
 27   8.165000   2.0 -1  1.014E-20  0 n                          0                                                                                                                                                                                                                              0.000000       
 28   8.240000   3.0 -1  7.019E-21  0 u                      3-  1 =  1.0000E+02 %N                                                                                                                                                                                                             0.000000       
 29   8.390000   0.0 -1  1.141E-20  0 n                          0                                                                                                                                                                                                                              0.000000       
 30   8.580000   3.0 -1  6.083E-21  0 u                    (3-)  1 =  1.0000E+02 %N                                                                                                                                                                                                             0.000000       
 31   8.707000   3.0 -1             0 u                    (3-)  1 =  1.0000E+02 %N                                                                                                                                                                                                             0.000000       
 32   9.035000   1.0 -1  4.803E-21  0 u                      1-  1 =  1.0000E+02 %N                                                                                                                                                                                                             0.000000       
 33   9.175000   2.0 -1             0 u                    (2-)  1 =  1.0000E+02 %N                                                                                                                                                                                                             0.000000       
 34   9.300000   0.0 -1  1.383E-21  0 u                      0-  0                                                                                                                                                                                                                              0.000000       
 35   9.397000   4.0 -1  1.304E-20  0 n                          0                                                                                                                                                                                                                              0.000000       
 36   9.440000   2.0 -1  7.604E-21  0 n                          0                                                                                                                                                                                                                              0.000000       
 37   9.582000   3.0 -1  1.342E-20  0 u                      3-  1 =  1.0000E+02 %N                                                                                                                                                                                                             0.000000       
 38   9.758000   0.0 -1             0 n                          0                                                                                                                                                                                                                              0.000000       
 39   9.830000   2.0 -1             0 n                          0                                                                                                                                                                                                                              0.000000       
 40  10.000000   4.0 -1  4.562E-21  0 n                          1 =  1.0000E+02 %N                                                                                                                                                                                                             0.000000       
 41  10.115000   1.0 -1  2.281E-21  0 u                      1-  0                                                                                                                                                                                                                              0.000000       
 42  10.211000   2.0 -1  5.069E-20  0 u                      2-  1 =  1.0000E+02 %N                                                                                                                                                                                                             0.000000       
 43  10.420000   4.0 -1  6.003E-21  0 u                    LT4-  0                                                                                                                                                                                                                              0.000000       
 44  10.564000   2.0 -1  4.148E-20  0 u                      2-  2 =  8.0000E+01 %N      =  2.0000E+01 %A                                                                                                                                                                                       0.000000       
 45  10.580000   2.0 -1  2.281E-21  0 n                          2 =  1.0000E+02 %A      =  1.0000E+02 %N                                                                                                                                                                                       0.000000       
 46  10.881000   3.0  1  2.684E-20  0 u                      3+  0                                                                                                                                                                                                                              0.000000       
 47  11.080000   2.0 -1             0 n                          1 =  1.0000E+02 %A                                                                                                                                                                                                             0.000000       
 48  11.337000   8.0 -1  5.069E-21  0 u                     LT8  0                                                                                                                                                                                                                              0.000000       
 49  11.573000   8.0  0  7.604E-21  0                       LT8  1 =  1.0000E+02 %A                                                                                                                                                                                                             0.000000       
 50  12.227000  -1.0  0  2.943E-21  0                            1 =  1.0000E+02 %N                                                                                                                                                                                                             0.000000       
 51  12.335000  -1.0  0  7.359E-21  0                            0                                                                                                                                                                                                                              0.000000       
 52  12.733000   0.0  1             0                        0+  1 =  1.0000E+02 %A                                                                                                                                                                                                             0.000000       
 53  12.760000  -1.0  0  4.148E-21  0                            0                                                                                                                                                                                                                              0.000000       
 54  12.800000  -1.0  0  1.304E-22  0                            0                                                                                                                                                                                                                              0.000000       
 55  13.310000  -1.0  0  8.608E-21  0                            1 =  1.0000E+02 %A                                                                                                                                                                                                             0.000000       
 56  13.400000  -1.0  0             0                            1 =  1.0000E+02 %A                                                                                                                                                                                                             0.000000       
 57  14.100000  -1.0  0             0                            2 =  9.4400E+01 %A      =  5.1000E+00 %3H                                                                                                                                                                                      0.000000       
 58  14.820000   2.0  1             0                        2+  3 =  7.6000E+01 %A      =  2.3800E+01 %3H     =  2.0000E-01 %P                                                                                                                                                                 0.000000       
 59  15.700000  -1.0  0             0                            2 =  9.9600E+01 %A      =  4.0000E-01 %3H                                                                                                                                                                                      0.000000       
 60  17.400000  -1.0  0             0                            1 =  1.0000E+02 %A                                                                                                                                                                                                             0.000000       
 61  17.800000  -1.0  0  1.304E-22  0                            1 =  1.0000E+02 %A                                                                                                                                                                                                             0.000000       
 62  18.200000  -1.0  0             0                            0                                                                                                                                                                                                                              0.000000       
 13B    13    5   23    6   15    1    4.878768   15.804785
  1   0.000000   1.5 -1  1.716E-02  0 u                    3/2-  2 =  1.0000E+02 %B-     =  2.6600E-01 %B-N                                                                                                                                                                                     0.000000       
  2   3.482800  -1.0 -1             1 g                          0                                                                                                                                                                                                                              0.000000       
                                          1     3.4820  1.000E+00  1.000E+00  0.000E+00
  3   3.534600  -1.0  1  2.000E-13  0                            0                                                                                                                                                                                                                              0.000000       
  4   3.681000  -1.0  1             0                            0                                                                                                                                                                                                                              0.000000       
  5   3.712600  -1.0 -1             2                            0                                                                                                                                                                                                                              0.000000       
                                          3     0.1780  9.091E-02  9.091E-02  0.000E+00
                                          1     3.7130  9.091E-01  9.091E-01  0.000E+00
  6   4.131000  -1.0 -1  4.300E-14  3                            0                                                                                                                                                                                                                              0.000000       
                                          5     0.4180  9.524E-02  9.524E-02  0.000E+00
                                          3     0.5960  2.245E-01  2.245E-01  0.000E+00
                                          1     4.1310  6.803E-01  6.803E-01  0.000E+00
  7   4.829000  -1.0  1             0                            0                                                                                                                                                                                                                              0.000000       
  8   5.024000  -1.0  1             0                            0                                                                                                                                                                                                                              0.000000       
  9   5.106000  -1.0 -1  7.604E-21  0                            0                                                                                                                                                                                                                              0.000000       
 10   5.388000  -1.0 -1  4.562E-20  0                            0                                                                                                                                                                                                                              0.000000       
 11   5.557000  -1.0 -1             0                            0                                                                                                                                                                                                                              0.000000       
 12   6.167000  -1.0  1             0                            0                                                                                                                                                                                                                              0.000000       
 13   6.425000  -1.0 -1  1.267E-20  0                            0                                                                                                                                                                                                                              0.000000       
 14   6.934000  -1.0  1  8.295E-21  0                            0                                                                                                                                                                                                                              0.000000       
 15   7.516000  -1.0  1             0                            0                                                                                                                                                                                                                              0.000000       
 16   7.859000  -1.0  0             0                            0                                                                                                                                                                                                                              0.000000       
 17   8.133000  -1.0  0  4.562E-21  0                            0                                                                                                                                                                                                                              0.000000       
 18   8.683000  -1.0  0  5.126E-21  0                            0                                                                                                                                                                                                                              0.000000       
 19   9.440000  -1.0  0  5.633E-21  0                            0                                                                                                                                                                                                                              0.000000       
 20   9.500000  -1.0  0             0                            0                                                                                                                                                                                                                              0.000000       
 21  10.220000  -1.0  0  2.173E-21  0                            0                                                                                                                                                                                                                              0.000000       
 22  10.890000  -1.0  0             0                            0                                                                                                                                                                                                                              0.000000       
 23  11.800000  -1.0  0             0                            0                                                                                                                                                                                                                              0.000000       
 14B    14    5    7    0    1    1    0.969580   17.284365
  1   0.000000   2.0 -1  1.236E-02  0                        2-  3 =  1.0000E+02 %B-     =  6.0400E+00 %B-N    ?  0.0000E+00 %B-2N                                                                                                                                                              0.000000       
  2   0.740000   1.0 -1             0                      (1-)  0                                                                                                                                                                                                                              0.000000       
  3   1.380000   3.0 -1             0                      (3-)  0                                                                                                                                                                                                                              0.000000       
  4   1.860000   2.0 -1  4.562E-22  0                        2-  0                                                                                                                                                                                                                              0.000000       
  5   2.080000   4.0 -1             0                      (4-)  0                                                                                                                                                                                                                              0.000000       
  6   2.320000  -1.0  0             0                            0                                                                                                                                                                                                                              0.000000       
  7   2.970000  -1.0  0             0                            0                                                                                                                                                                                                                              0.000000       
 15B    15    5    1    0    1    1    2.777625   18.286094
  1   0.000000   1.5 -1  1.018E-02  0                      3/2-  3 =  1.0000E+02 %B-     =  9.8700E+01 %B-N    <  1.5000E+00 %B-2N                                                                                                                                                              0.000000       
 16B    16    5    3    0    1    1   -0.083001   20.003093
  1   0.000000   0.0 -1  4.600E-21  0                       0-#  1 ?  0.0000E+00 %N                                                                                                                                                                                                             0.000000       
  2   2.320000  -1.0  0  3.042E-21  0                            0                                                                                                                                                                                                                              0.000000       
  3   6.020000  -1.0  0             0                            0                                                                                                                                                                                                                              0.000000       
 17B    17    5    1    0    1    1    1.466695   21.019788
  1   0.000000   1.5 -1  5.080E-03  0                    (3/2-)  5 =  1.0000E+02 %B-     =  6.3000E+01 %B-N    =  1.2000E+01 %B-2N   =  3.5000E+00 %B-3N   =  4.0000E-01 %B-4N                                                                                                                  0.000000       
 18B    18    5    1    0    1    1   -0.005000    0.000000
  1   0.000000   2.0 -1             0                      (2-)  1 =  1.0000E+02 %N                                                                                                                                                                                                             0.000000       
 19B    19    5    1    0    1    1    0.093707    0.000000
  1   0.000000   1.5 -1  2.920E-03  0                    (3/2-)  4 =  1.0000E+02 %B-     =  7.1000E+01 %B-N    =  1.7000E+01 %B-2N   <  9.1000E+00 %B-3N                                                                                                                                        0.000000       
 20B    20    5    3    0    1    1   -1.560000    0.000000
  1   0.000000  -1.0  0  9.124E-22  0                   (1-,2-)  3 =  1.0000E+02 %N      ?  0.0000E+00 %B-2N   ?  0.0000E+00 %B-N                                                                                                                                                               0.000000       
  2   0.940000  -1.0  0  5.069E-22  0                   (1-,2-)  1 =  1.0000E+02 %N                                                                                                                                                                                                             0.000000       
  3   3.300000  -1.0  0             0                   (0-,3-)  1 =  1.0000E+02 %N                                                                                                                                                                                                             0.000000       
 21B    21    5    1    0    1    1   -0.910000    0.000000
  1   0.000000   1.5 -1  7.600E-22  0                    (3/2-)  1 =  1.0000E+02 %2N                                                                                                                                                                                                            0.000000       
