233Bk  233   97    1    0    1    1    0.000000    0.850000
  1   0.000000   1.5 -1  4.000E+01  0                     3/2-#  2 AP 8.2000E+01 %A      ?  0.0000E+00 %EC+%B+                                                                                                                                                                                  0.000000       
234Bk  234   97    1    0    1    1    7.447000    1.187000
  1   0.000000   3.0 -1  2.000E+01  0                       3-#  2 >  8.0000E+01 %A      <  2.0000E+01 %EC+%B+                                                                                                                                                                                  0.000000       
235Bk  235   97    1    0    1    1    8.697000    1.241000
  1   0.000000   1.5 -1  6.000E+01  0                     3/2-#  2 ?  0.0000E+00 %EC+%B+ ?  0.0000E+00 %A                                                                                                                                                                                       0.000000       
236Bk  236   97    2    0    1    1    7.300000    1.761000
  1   0.000000   4.0  1  2.600E+01  0                       4+#  3 AP 1.0000E+02 %EC+%B+ =  4.0000E-02 %B+SF   ?  0.0000E+00 %A                                                                                                                                                                 0.000000       
  2   0.102000   1.0  1             0                      (1+)  0                                                                                                                                                                                                                              0.000000       
237Bk  237   97    1    0    1    1    8.403000    1.932000
  1   0.000000   1.5 -1  1.200E+02  0                     3/2-#  2 ?  0.0000E+00 %EC+%B+ ?  0.0000E+00 %A                                                                                                                                                                                       0.000000       
238Bk  238   97    1    0    1    1    7.065000    2.320000
  1   0.000000   1.0  0  1.440E+02  0                        1#  3 AP 1.0000E+02 %EC+%B+ =  4.8000E-02 %B+SF   ?  0.0000E+00 %A                                                                                                                                                                 0.000000       
239Bk  239   97    3    0    1    1    8.038000    2.485000
  1   0.000000   3.5  1  1.000E+02  0                    (7/2+)  3 AP 1.0000E+02 %EC+%B+ <  1.0000E-02 %A      <  1.0000E-02 %SF                                                                                                                                                                0.000000       
  2   0.047000  -1.0  0             0               (7/2+,3/2-)  0                                                                                                                                                                                                                              0.000000       
  3   0.197000  -1.0  0             0                            0                                                                                                                                                                                                                              0.000000       
240Bk  240   97    2    0    1    1    6.657000    2.772000
  1   0.000000   7.0 -1  2.880E+02  0                       7-#  3 =  2.0000E-03 %B+SF   ?  0.0000E+00 %EC+%B+ ?  0.0000E+00 %A                                                                                                                                                                 0.000000       
  2   0.240000  -1.0  0             0                            0                                                                                                                                                                                                                              0.000000       
241Bk  241   97    4    0    1    1    7.755000    3.033000
  1   0.000000   3.5  1  2.760E+02  0                    (7/2+)  2 ?  0.0000E+00 %A      ?  0.0000E+00 %EC+%B+                                                                                                                                                                                  0.000000  0    
  2   0.051000   1.5 -1             0                    (3/2-)  0                                                                                                                                                                                                                              0.000000  1    
  3   0.082000   2.5 -1             0                    (5/2-)  0                                                                                                                                                                                                                              0.000000  1    
  4   0.128000   3.5 -1             0                    (7/2-)  0                                                                                                                                                                                                                              0.000000  1    
242Bk  242   97    4    0    1    1    6.300000    3.239000
  1   0.000000   3.0  1  4.200E+02  0                       3+#  3 AP 1.0000E+02 %EC+%B+ <  3.0000E-05 %B+SF   ?  0.0000E+00 %A                                                                                                                                                                 0.000000       
  2   0.150000  -1.0  0  9.500E-09  0   X                        1 =  1.0000E+02 %SF                                                                                                                                                                                                            0.150000       
  3   0.250000  -1.0  0             0                            0                                                                                                                                                                                                                              0.000000       
  4   2.000000  -1.0  0  6.000E-07  0   Y                        1 =  1.0000E+02 %SF                                                                                                                                                                                                            2.000000       
243Bk  243   97    5    0    1    1    7.134000    3.403041
  1   0.000000   1.5 -1  1.656E+04  0                      3/2-  2 AP 1.0000E+02 %EC+%B+ AP 1.5000E-01 %A                                                                                                                                                                                       0.000000       
  2   0.018000   3.5  1             0                    (7/2+)  0                                                                                                                                                                                                                              0.000000  0    
  3   0.067000   4.5  1             0                    (9/2+)  0                                                                                                                                                                                                                              0.000000  0    
  4   0.131000   5.5  1             0                   (11/2+)  0                                                                                                                                                                                                                              0.000000  0    
  5   2.200000  -1.0  0  5.000E-09  0                            1 =  1.0000E+02 %SF                                                                                                                                                                                                            0.000000       
244Bk  244   97    5    0    1    1    6.047122    3.757081
  1   0.000000   4.0 -1  1.807E+04  0                        4-  2 =  6.0000E-03 %A      ?  0.0000E+00 %EC+%B+                                                                                                                                                                                  0.000000       
  2   0.140000  -1.0  0             0                            0                                                                                                                                                                                                                              0.000000       
  3   0.170000  -1.0  0             0                            0                                                                                                                                                                                                                              0.000000       
  4   0.200000  -1.0  0             0                            0                                                                                                                                                                                                                              0.000000       
  5   1.500000  -1.0  0  8.200E-07  0   X                        1 =  1.0000E+02 %SF                                                                                                                                                                                                            1.500000       
245Bk  245   97    4    0    1    2    6.971368    3.927030
  1   0.000000   1.5 -1  4.277E+05  0                      3/2-  2 =  9.9880E+01 %EC     =  1.2000E-01 %A                                                                                                                                                                                       0.000000  0    
  2   0.050000   3.5  1             0   X                7/2(+)  0                                                                                                                                                                                                                              0.050000  1    
  3   0.111000   4.5  1             0   X                (9/2+)  0                                                                                                                                                                                                                              0.050000  1    
  4   1.560000  -1.0  0  2.000E-09  0                            1 =  1.0000E+02 %SF                                                                                                                                                                                                            0.000000       
246Bk  246   97    1    0    1    1    5.918182    4.326583
  1   0.000000   2.0 -1  1.555E+05  0   X                  2(-)  2 AP 1.0000E+02 %EC+%B+ ?  0.0000E+00 %A                                                                                                                                                                                       0.000000       
247Bk  247   97   25   15   16    1    6.548709    4.416362
  1   0.000000   1.5 -1  4.355E+10  0 u                    3/2-  2 AP 1.0000E+02 %A      ?  0.0000E+00 %SF                                                                                                                                                                                      0.000000  0    
  2   0.029880   2.5 -1             1 u                  (5/2-)  0                                                                                                                                                                                                                              0.000000  0    
                                          1     0.0299  2.889E-04  1.000E+00  3.460E+03
  3   0.040810   3.5  1             2 u                    7/2+  0                                                                                                                                                                                                                              0.000000  1    
                                          2     0.0109  0.000E+00  0.000E+00  1.050E+04
                                          1     0.0408  0.000E+00  0.000E+00  4.470E+04
  4   0.071600   3.5 -1             0 u                  (7/2-)  0                                                                                                                                                                                                                              0.000000  0    
  5   0.082810   4.5  1             1 u                  (9/2)+  0                                                                                                                                                                                                                              0.000000  1    
                                          3     0.0420  1.458E-03  1.000E+00  6.850E+02
  6   0.125500   4.5 -1             0 u                  (9/2-)  0                                                                                                                                                                                                                              0.000000  0    
  7   0.137000   5.5  1             0 u                 (11/2+)  0                                                                                                                                                                                                                              0.000000  1    
  8   0.196000   6.5  1             0 u                 (13/2+)  0                                                                                                                                                                                                                              0.000000  1    
  9   0.265000   7.5  1             0 u                 (15/2+)  0                                                                                                                                                                                                                              0.000000  1    
 10   0.334920   2.5  1             3 u                  (5/2)+  0                                                                                                                                                                                                                              0.000000  2    
                                          3     0.2941  3.715E-01  9.848E-01  1.651E+00
                                          2     0.3052  3.381E-03  3.678E-03  8.800E-02
                                          1     0.3349  1.077E-02  1.151E-02  6.860E-02
 11   0.378100   3.5  1             1 u                  (7/2+)  0                                                                                                                                                                                                                              0.000000  2    
                                          3     0.3373  6.046E-01  1.000E+00  6.540E-01
 12   0.447800   2.5 -1             4 u                  (5/2-)  0                                                                                                                                                                                                                              0.000000  3    
                                          4     0.3762  4.615E-02  6.849E-02  4.840E-01
                                          3     0.4070  1.252E-01  1.282E-01  2.380E-02
                                          2     0.4179  2.218E-01  3.314E-01  4.940E-01
                                          1     0.4478  3.578E-01  4.719E-01  3.190E-01
 13   0.487000   0.5  1             0 u                  (1/2+)  0                                                                                                                                                                                                                              0.000000  4    
 14   0.489400   3.5 -1             3 u                  (7/2-)  0                                                                                                                                                                                                                              0.000000  3    
                                          6     0.3639  3.557E-01  5.443E-01  5.300E-01
                                          4     0.4179  0.000E+00  0.000E+00  3.630E-01
                                          2     0.4595  3.557E-01  4.557E-01  2.810E-01
 15   0.518000   1.5  1             0 u                  (3/2+)  0                                                                                                                                                                                                                              0.000000  4    
 16   0.541000   4.5 -1             0 u                  (9/2-)  0                                                                                                                                                                                                                              0.000000  3    
 17   0.587000   6.5  1             0                   (13/2+)  0                                                                                                                                                                                                                              0.000000  2    
 18   0.704000   0.5 -1             0                    (1/2-)  0                                                                                                                                                                                                                              0.000000  5    
 19   0.743000   2.5 -1             0                    (5/2-)  0                                                                                                                                                                                                                              0.000000  5    
 20   0.815000   3.5 -1             0                    (7/2-)  0                                                                                                                                                                                                                              0.000000  5    
 21   0.828000   4.5 -1             0                    (9/2-)  0                                                                                                                                                                                                                              0.000000  5    
 22   0.904000   4.5 -1             0                    (9/2-)  0                                                                                                                                                                                                                              0.000000  6    
 23   0.983000  -1.0  0             0                            0                                                                                                                                                                                                                              0.000000       
 24   1.149000  -1.0  0             0                            0                                                                                                                                                                                                                              0.000000       
 25   1.166000   6.5  1             0                   (13/2+)  0                                                                                                                                                                                                                              0.000000  7    
248Bk  248   97   22   11   18    2    5.429787    4.691024
  1   0.000000   6.0  1  2.840E+08  0 u Z                   6+#  2 ?  0.0000E+00 %A      ?  0.0000E+00 %EC                                                                                                                                                                                      0.000000       
  2   0.015000   1.0 -1  8.532E+04  0 u X                  1(-)  2 =  7.0000E+01 %B-     =  3.0000E+01 %EC                                                                                                                                                                                      0.015000       
  3   0.050000   6.0  1             0 u Y                  (6+)  0                                                                                                                                                                                                                              0.050000  0    
  4   0.120650   7.0  1             1 u Y                  (7+)  0                                                                                                                                                                                                                              0.050000  0    
                                          3     0.0707  9.479E-03  1.000E+00  1.045E+02
  5   0.186000   8.0 -1             1 u Y                  (8-)  0                                                                                                                                                                                                                              0.050000       
                                          4     0.0644  6.897E-01  1.000E+00  4.500E-01
  6   0.195000   8.0 -1             0 n Y                        0                                                                                                                                                                                                                              0.050000       
  7   0.201300   8.0  1             2 u Y                  (8+)  0                                                                                                                                                                                                                              0.050000  0    
                                          4     0.0807  1.863E-02  8.196E-01  4.300E+01
                                          3     0.1513  4.234E-02  1.804E-01  3.260E+00
  8   0.221500   5.0 -1             0 c Y            (4-,5-,6-)  0                                                                                                                                                                                                                              0.050000       
  9   0.229000   8.0 -1             0 n Y                        0                                                                                                                                                                                                                              0.050000       
 10   0.262600   5.0 -1             0 c Y            (4-,5-,6-)  0                                                                                                                                                                                                                              0.050000       
 11   0.312000   4.0 -1             0 n Y                        0                                                                                                                                                                                                                              0.050000       
 12   0.389000   6.0 -1             0 n Y                        0                                                                                                                                                                                                                              0.050000       
 13   0.423000   3.0 -1             2 n Y                        0                                                                                                                                                                                                                              0.050000       
                                          9     0.1935  1.157E-01  7.326E-01  5.330E+00
                                          6     0.2280  6.134E-02  2.674E-01  3.360E+00
 14   0.449700   5.0  1             1 u Y                  (5+)  0                                                                                                                                                                                                                              0.050000       
                                          3     0.3997  5.851E-01  1.000E+00  7.090E-01
 15   0.474000   3.0 -1             0 n Y                        0                                                                                                                                                                                                                              0.050000       
 16   0.508000   5.0 -1             0 n Y                        0                                                                                                                                                                                                                              0.050000       
 17   0.533000   0.0 -1             0 n Y                        0                                                                                                                                                                                                                              0.050000       
 18   0.579100   5.0 -1             1 g Y                        0                                                                                                                                                                                                                              0.050000       
                                          3     0.5291  9.783E-01  1.000E+00  2.219E-02
 19   0.640000   5.0 -1             3   Y                  (5-)  0                                                                                                                                                                                                                              0.050000  1    
                                         10     0.3774  1.824E-01  3.337E-01  8.300E-01
                                          8     0.4185  3.316E-01  5.388E-01  6.250E-01
                                          3     0.5900  1.260E-01  1.275E-01  1.160E-02
 20   0.674000   7.0  1             0   Y                  (7+)  0                                                                                                                                                                                                                              0.050000  2    
 21   0.707000   6.0 -1             0   Y                  (6-)  0                                                                                                                                                                                                                              0.050000  1    
 22   0.750000   8.0  1             0   Y                  (8+)  0                                                                                                                                                                                                                              0.050000  2    
249Bk  249   97   68  181   50    2    6.356038    4.835386
  1   0.000000   3.5  1  2.827E+07  0 u                   7/2+*  3 AP 1.0000E+02 %B-     =  1.4500E-03 %A      =  4.7000E-08 %SF                                                                                                                                                                0.000000  0    
  2   0.008777   1.5 -1  3.000E-04  1 u                    3/2-  0                                                                                                                                                                                                                              0.000000  1    
                                          1     0.0088  3.279E-07  1.000E+00  3.050E+06
  3   0.039622   2.5 -1             1 u                  (5/2-)  0                                                                                                                                                                                                                              0.000000  1    
                                          2     0.0309  3.115E-03  1.000E+00  3.200E+02
  4   0.041805   4.5  1  9.000E-12  1 u                    9/2+  0                                                                                                                                                                                                                              0.000000  0    
                                          1     0.0418  8.333E-03  1.000E+00  1.190E+02
  5   0.082599   3.5 -1             3 u                    7/2-  0                                                                                                                                                                                                                              0.000000  1    
                                          3     0.0430  8.909E-03  9.087E-01  1.010E+02
                                          2     0.0738  1.060E-03  9.107E-02  8.490E+01
                                          1     0.0826  5.791E-05  2.258E-04  2.900E+00
  6   0.093759   5.5  1  5.000E-12  2 u                   11/2+  0                                                                                                                                                                                                                              0.000000  0    
                                          4     0.0520  1.551E-02  9.615E-01  6.100E+01
                                          1     0.0938  1.349E-03  3.845E-02  2.750E+01
  7   0.137712   4.5 -1             4 u                  (9/2-)  0                                                                                                                                                                                                                              0.000000  1    
                                          5     0.0551  1.754E-02  8.771E-01  4.900E+01
                                          4     0.0959  8.596E-05  2.197E-04  1.556E+00
                                          3     0.0981  5.263E-03  1.226E-01  2.230E+01
                                          1     0.1377  3.158E-05  6.173E-05  9.550E-01
  8   0.155854   6.5  1             2 u                   13/2+  0                                                                                                                                                                                                                              0.000000  0    
                                          6     0.0621  2.689E-02  9.410E-01  3.400E+01
                                          4     0.1140  4.866E-03  5.898E-02  1.112E+01
  9   0.204575   5.5 -1             3 u                 (11/2-)  0                                                                                                                                                                                                                              0.000000  1    
                                          7     0.0669  1.157E-02  9.415E-01  8.040E+01
                                          5     0.1220  6.362E-03  5.834E-02  8.170E+00
                                          4     0.1627  8.212E-05  1.283E-04  5.620E-01
 10   0.229242   7.5  1             2 u                 (15/2+)  0                                                                                                                                                                                                                              0.000000  0    
                                          8     0.0734  1.742E-02  9.405E-01  5.300E+01
                                          6     0.1355  5.748E-03  5.949E-02  9.350E+00
 11   0.283133   6.5 -1             3 u                 (13/2-)  0                                                                                                                                                                                                                              0.000000  1    
                                          9     0.0786  2.255E-02  9.110E-01  3.940E+01
                                          7     0.1454  1.827E-02  8.859E-02  3.850E+00
                                          6     0.1894  2.751E-04  3.714E-04  3.500E-01
 12   0.311857   8.5  1             2 u                 (17/2+)  0                                                                                                                                                                                                                              0.000000  0    
                                         10     0.0826  6.448E-02  9.278E-01  1.339E+01
                                          8     0.1561  1.870E-02  7.218E-02  2.860E+00
 13   0.373181   7.5 -1             2 u                 (15/2-)  0                                                                                                                                                                                                                              0.000000  1    
                                         11     0.0901  3.529E-02  8.059E-01  2.184E+01
                                          9     0.1686  6.301E-02  1.941E-01  2.080E+00
 14   0.377562   0.5  1             1 u                  (1/2+)  0                                                                                                                                                                                                                              0.000000  2    
                                          2     0.3688  6.803E-01  1.000E+00  4.700E-01
 15   0.389171   2.5  1             4 u                    5/2+  0                                                                                                                                                                                                                              0.000000  3    
                                          5     0.3066  5.060E-04  5.500E-04  8.690E-02
                                          4     0.3473  4.160E-03  5.162E-03  2.408E-01
                                          3     0.3496  2.924E-03  3.103E-03  6.130E-02
                                          1     0.3892  5.622E-01  9.912E-01  7.630E-01
 16   0.410690   1.5  1             1 u                  (3/2+)  0                                                                                                                                                                                                                              0.000000  2    
                                          2     0.4020  9.589E-01  1.000E+00  4.290E-02
 17   0.421366   2.5  1             2 u                  (5/2+)  0                                                                                                                                                                                                                              0.000000  2    
                                         14     0.0437  0.000E+00  0.000E+00  4.190E+03
                                          1     0.4214  7.380E-01  1.000E+00  3.550E-01
 18   0.428958   3.5  1             5 u                    7/2+  0                                                                                                                                                                                                                              0.000000  3    
                                          7     0.2913  8.032E-04  8.835E-04  1.000E-01
                                          6     0.3352  3.302E-03  4.194E-03  2.700E-01
                                          5     0.3464  3.748E-03  3.984E-03  6.280E-02
                                          4     0.3872  4.462E-01  7.916E-01  7.740E-01
                                          1     0.4290  1.303E-01  1.994E-01  5.300E-01
 19   0.473660   8.5 -1             2 u                   17/2-  0                                                                                                                                                                                                                              0.000000       
                                         13     0.1005  5.348E-02  7.894E-01  1.376E+01
                                         11     0.1905  6.685E-02  2.106E-01  2.150E+00
 20   0.475002   4.5  1             7 u                  (9/2+)  0                                                                                                                                                                                                                              0.000000  3    
                                          9     0.2705  1.227E-03  1.377E-03  1.229E-01
                                          8     0.3192  2.490E-03  3.280E-03  3.170E-01
                                          7     0.3373  3.531E-03  3.769E-03  6.730E-02
                                          6     0.3812  3.717E-01  6.716E-01  8.070E-01
                                          5     0.3924  2.973E-03  3.109E-03  4.560E-02
                                          4     0.4332  1.821E-01  2.857E-01  5.690E-01
                                          1     0.4750  2.156E-02  3.111E-02  4.430E-01
 21   0.498670   3.5  1             4 u                    7/2+  0                                                                                                                                                                                                                              0.000000       
                                         18     0.0700  1.033E-02  6.870E-01  6.550E+01
                                          5     0.4163  1.515E-02  1.575E-02  3.930E-02
                                          4     0.4568  1.722E-01  2.213E-01  2.850E-01
                                          1     0.4986  6.199E-02  7.595E-02  2.253E-01
 22   0.519190   3.5  1             4 u                  (7/2+)  0                                                                                                                                                                                                                              0.000000  2    
                                         18     0.0899  2.413E-03  5.550E-02  2.200E+01
                                          6     0.4254  5.363E-01  6.060E-01  1.300E-01
                                          5     0.4368  2.413E-03  2.497E-03  3.490E-02
                                          4     0.4774  2.681E-01  3.360E-01  2.531E-01
 23   0.542095   5.5  1             7 u                 (11/2+)  0                                                                                                                                                                                                                              0.000000  3    
                                         11     0.2589  8.723E-04  9.936E-04  1.391E-01
                                         10     0.3127  1.970E-03  2.639E-03  3.400E-01
                                          8     0.3860  2.814E-01  5.009E-01  7.800E-01
                                          7     0.4044  3.517E-03  3.666E-03  4.230E-02
                                          6     0.4483  2.814E-01  3.996E-01  4.200E-01
                                          4     0.5003  6.275E-02  8.685E-02  3.840E-01
                                          1     0.5419  5.065E-03  5.406E-03  6.730E-02
 24   0.553000   0.5  1             0 u                   (1/2)  0                                                                                                                                                                                                                              0.000000       
 25   0.558164   1.5 -1             6 u                  (3/2-)  0                                                                                                                                                                                                                              0.000000  4    
                                         17     0.1368  1.536E-01  1.930E-01  2.570E-01
                                         15     0.1688  1.045E-02  1.567E-02  5.000E-01
                                         14     0.1805  9.154E-02  1.041E-01  1.373E-01
                                          5     0.4754  3.428E-02  3.754E-02  9.510E-02
                                          3     0.5186  4.180E-01  5.016E-01  2.000E-01
                                          2     0.5494  1.265E-01  1.480E-01  1.700E-01
 26   0.569210   0.5 -1             4 u                  (1/2-)  0                                                                                                                                                                                                                              0.000000  4    
                                         16     0.1586  1.660E-03  2.671E-03  6.090E-01
                                         14     0.1916  5.645E-03  6.321E-03  1.199E-01
                                          3     0.5297  3.937E-01  4.218E-01  7.137E-02
                                          2     0.5604  4.743E-01  5.692E-01  2.000E-01
 27   0.570000   1.5  1             0 n                          0                                                                                                                                                                                                                              0.000000       
 28   0.597836   6.5  1             8 u                 (13/2+)  0                                                                                                                                                                                                                              0.000000  3    
                                         23     0.0556  9.637E-05  1.797E-02  1.855E+02
                                         22     0.0788  9.637E-05  8.404E-01  8.720E+03
                                         20     0.1221  9.637E-05  1.526E-03  1.483E+01
                                         18     0.1688  4.784E-04  7.401E-02  1.537E+02
                                         10     0.3688  3.442E-02  5.201E-02  5.110E-01
                                          8     0.4418  7.538E-03  1.160E-02  5.390E-01
                                          6     0.5039  1.996E-03  2.433E-03  2.190E-01
                                          4     0.5558  1.033E-05  1.098E-05  6.310E-02
 29   0.606690   3.5 -1             7 u                  (7/2-)  0                                                                                                                                                                                                                              0.000000  4    
                                         22     0.0875  4.219E-03  1.382E-02  2.276E+00
                                         18     0.1776  4.219E-03  6.020E-03  4.270E-01
                                         17     0.1853  3.375E-02  4.641E-02  3.750E-01
                                          9     0.4020  2.126E-02  2.453E-02  1.535E-01
                                          7     0.4690  3.375E-01  4.273E-01  2.660E-01
                                          5     0.5241  2.194E-01  2.627E-01  1.973E-01
                                          3     0.5671  1.890E-01  2.193E-01  1.601E-01
 30   0.624300   2.5 -1             3 u                   (5/2)  0                                                                                                                                                                                                                              0.000000       
                                         17     0.2031  6.471E-02  8.302E-02  2.830E-01
                                         15     0.2351  6.471E-01  7.659E-01  1.835E-01
                                          1     0.6243  1.488E-01  1.511E-01  1.532E-02
 31   0.624930   2.5 -1             4 u                  (5/2-)  0                                                                                                                                                                                                                              0.000000  4    
                                         17     0.2031  3.273E-02  4.199E-02  2.830E-01
                                          5     0.5423  1.996E-01  2.356E-01  1.802E-01
                                          3     0.5854  3.077E-01  3.530E-01  1.473E-01
                                          2     0.6161  3.273E-01  3.694E-01  1.287E-01
 32   0.625000   4.5 -1             0 u                  (9/2-)  0                                                                                                                                                                                                                              0.000000       
 33   0.643058   0.5 -1             5 u                  (1/2-)  0                                                                                                                                                                                                                              0.000000  5    
                                         25     0.0852  2.050E-03  5.884E-02  2.770E+01
                                         16     0.2317  1.253E-01  1.493E-01  1.915E-01
                                         14     0.2641  1.253E-01  1.326E-01  5.870E-02
                                          3     0.6034  2.449E-03  2.575E-03  5.140E-02
                                          2     0.6343  5.695E-01  6.566E-01  1.530E-01
 34   0.654100   4.5  1             1 g                          0                                                                                                                                                                                                                              0.000000       
                                         22     0.1349  9.091E-02  1.000E+00  1.000E+01
 35   0.661520   1.5 -1             3 u                  (3/2-)  0                                                                                                                                                                                                                              0.000000  5    
                                         14     0.2837  0.000E+00  0.000E+00  1.076E-01
                                          3     0.6219  4.983E-01  5.631E-01  1.300E-01
                                          2     0.6528  3.936E-01  4.369E-01  1.100E-01
 36   0.671089   6.5  1             4 u                   13/2+  0                                                                                                                                                                                                                              0.000000  2    
                                         22     0.1522  1.245E-03  3.093E-01  2.474E+02
                                         10     0.4418  4.980E-01  6.534E-01  3.120E-01
                                          8     0.5155  2.191E-02  2.643E-02  2.062E-01
                                          6     0.5776  9.462E-03  1.091E-02  1.525E-01
 37   0.672810   2.5  1             6 u                    5/2+  0                                                                                                                                                                                                                              0.000000       
                                         18     0.2440  4.420E-02  1.169E-01  1.644E+00
                                         15     0.2837  2.210E-01  4.563E-01  1.065E+00
                                          5     0.5901  4.420E-02  4.496E-02  1.734E-02
                                          3     0.6330  8.839E-02  8.971E-02  1.486E-02
                                          2     0.6640  2.210E-01  2.239E-01  1.340E-02
                                          1     0.6728  6.187E-02  6.820E-02  1.023E-01
 38   0.682000   5.5 -1             0 u                 (11/2-)  0                                                                                                                                                                                                                              0.000000       
 39   0.701850   7.5  1             3 u                 (15/2+)  0                                                                                                                                                                                                                              0.000000  3    
                                         10     0.4726  5.456E-01  6.875E-01  2.600E-01
                                          8     0.5459  2.046E-01  2.409E-01  1.771E-01
                                          6     0.6082  6.820E-02  7.164E-02  5.040E-02
 40   0.703420   3.5 -1             5 u                  (7/2-)  0                                                                                                                                                                                                                              0.000000       
                                         20     0.2284  1.415E-01  1.697E-01  1.997E-01
                                         18     0.2745  1.415E-01  1.582E-01  1.179E-01
                                         15     0.3142  2.796E-01  3.024E-01  8.140E-02
                                          4     0.6616  3.369E-01  3.414E-01  1.351E-02
                                          1     0.7036  2.796E-02  2.829E-02  1.185E-02
 41   0.704840   5.5 -1             5 u                   11/2-  0                                                                                                                                                                                                                              0.000000  4    
                                         29     0.0982  1.091E-03  5.040E-02  4.520E+01
                                         22     0.1856  3.636E-03  8.192E-02  2.153E+01
                                         11     0.4217  2.909E-02  3.939E-02  3.540E-01
                                          9     0.5003  5.195E-01  6.355E-01  2.233E-01
                                          7     0.5671  1.662E-01  1.928E-01  1.601E-01
 42   0.709120   2.5 -1             7 u                    5/2-  0                                                                                                                                                                                                                              0.000000       
                                         29     0.1028  5.424E-03  7.339E-02  1.253E+01
                                         16     0.2985  5.488E-02  6.001E-02  9.350E-02
                                         14     0.3307  5.488E-02  1.851E-01  2.372E+00
                                          7     0.5710  5.488E-02  5.811E-02  5.890E-02
                                          5     0.6265  2.202E-01  2.473E-01  1.232E-01
                                          3     0.6695  3.191E-01  3.521E-01  1.036E-01
                                          2     0.7003  2.202E-02  2.405E-02  9.220E-02
 43   0.711150   3.5 -1             3 u                     7/2  0                                                                                                                                                                                                                              0.000000       
                                         22     0.1920  1.404E-01  1.876E-01  3.360E-01
                                         20     0.2361  4.680E-01  5.529E-01  1.813E-01
                                         18     0.2822  2.340E-01  2.596E-01  1.092E-01
 44   0.723170   4.5 -1             4 u                    9/2-  0                                                                                                                                                                                                                              0.000000  4    
                                         22     0.2040  7.756E-03  9.919E-03  2.790E-01
                                         20     0.2477  7.756E-03  8.979E-03  1.578E-01
                                          9     0.5186  7.914E-01  9.520E-01  2.029E-01
                                          5     0.6406  2.612E-02  2.915E-02  1.162E-01
 45   0.750000   4.5 -1             0 u                  (9/2-)  0                                                                                                                                                                                                                              0.000000  6    
 46   0.767890   4.5 -1             2 u                  (9/2-)  0                                                                                                                                                                                                                              0.000000       
                                          4     0.7261  1.467E-01  1.484E-01  1.109E-02
                                          1     0.7679  8.433E-01  8.516E-01  9.870E-03
 47   0.769150   4.5 -1             3 u                   (9/2)  0                                                                                                                                                                                                                              0.000000       
                                         23     0.2271  4.955E-01  5.961E-01  2.031E-01
                                         20     0.2941  2.477E-01  2.719E-01  9.740E-02
                                         18     0.3402  1.239E-01  1.320E-01  6.580E-02
 48   0.794000   1.5  1             0 n                          0                                                                                                                                                                                                                              0.000000       
 49   0.836070   5.5 -1             3 u                 (11/2-)  0                                                                                                                                                                                                                              0.000000  6    
                                          6     0.7424  2.042E-01  2.064E-01  1.059E-02
                                          4     0.7942  6.189E-01  6.246E-01  9.210E-03
                                          1     0.8361  1.485E-01  1.690E-01  1.377E-01
 50   0.840000   4.5  1             0 n                          0                                                                                                                                                                                                                              0.000000       
 51   0.899640  -1.0  0             3                 (3/2,5/2)  0                                                                                                                                                                                                                              0.000000       
                                         37     0.2270  1.516E-01  1.516E-01  0.000E+00
                                          3     0.8603  1.804E-01  1.804E-01  0.000E+00
                                          2     0.8905  6.680E-01  6.680E-01  0.000E+00
 52   0.909000  -1.0  0             0                            0                                                                                                                                                                                                                              0.000000       
 53   0.911160   6.5 -1             2                   (13/2-)  0                                                                                                                                                                                                                              0.000000       
                                          8     0.7553  1.918E-01  1.938E-01  1.022E-02
                                          6     0.8174  7.993E-01  8.062E-01  8.690E-03
 54   0.932180   3.5 -1             4                    (7/2-)  0                                                                                                                                                                                                                              0.000000       
                                         46     0.1644  4.478E-03  2.853E-02  5.370E+00
                                          6     0.8385  1.779E-02  2.022E-02  1.366E-01
                                          4     0.8905  3.313E-01  3.337E-01  7.320E-03
                                          1     0.9322  6.135E-01  6.176E-01  6.680E-03
 55   0.934640  -1.0  0             2            (3/2-,5/2,7/2)  0                                                                                                                                                                                                                              0.000000       
                                         37     0.2617  2.051E-01  2.051E-01  0.000E+00
                                          5     0.8521  7.949E-01  7.949E-01  0.000E+00
 56   0.947000  -1.0  0             0                            0                                                                                                                                                                                                                              0.000000       
 57   0.988140   4.5 -1             2                    (9/2-)  0                                                                                                                                                                                                                              0.000000       
                                          6     0.8945  3.985E-01  4.014E-01  7.250E-03
                                          4     0.9463  5.948E-01  5.986E-01  6.490E-03
 58   1.055770   5.5 -1             3                   (11/2-)  0                                                                                                                                                                                                                              0.000000       
                                          8     0.8999  9.359E-01  9.426E-01  7.160E-03
                                          6     0.9621  3.088E-02  3.108E-02  6.280E-03
                                          4     1.0144  2.620E-02  2.635E-02  5.670E-03
 59   1.075050   4.5  1             3                    (9/2+)  0                                                                                                                                                                                                                              0.000000       
                                          6     0.9813  1.389E-02  1.442E-02  3.880E-02
                                          4     1.0333  1.389E-01  1.436E-01  3.410E-02
                                          1     1.0751  8.168E-01  8.420E-01  3.080E-02
 60   1.133910   6.5 -1             1                   (13/2-)  0                                                                                                                                                                                                                              0.000000       
                                          6     1.0402  9.946E-01  1.000E+00  5.400E-03
 61   1.143780   5.5  1             2                   (11/2+)  0                                                                                                                                                                                                                              0.000000       
                                          6     1.0500  2.241E-01  2.314E-01  3.270E-02
                                          4     1.1020  7.469E-01  7.686E-01  2.900E-02
 62   1.150640   2.5 -1             3                    (5/2-)  0                                                                                                                                                                                                                              0.000000       
                                         18     0.7216  2.733E-01  2.763E-01  1.124E-02
                                         15     0.7615  5.693E-01  5.750E-01  1.005E-02
                                          1     1.1507  1.480E-01  1.487E-01  4.460E-03
 63   1.186000  -1.0  0             0                            0                                                                                                                                                                                                                              0.000000       
 64   1.223010   3.5  1             6                    (7/2+)  0                                                                                                                                                                                                                              0.000000       
                                         46     0.4551  9.702E-02  1.001E-01  3.160E-02
                                         20     0.7480  9.702E-02  1.046E-01  7.770E-02
                                         18     0.7940  1.458E-01  1.555E-01  6.670E-02
                                         15     0.8338  4.555E-01  4.823E-01  5.880E-02
                                          4     1.1813  9.565E-02  9.798E-02  2.433E-02
                                          1     1.2230  5.830E-02  5.960E-02  2.231E-02
 65   1.227540   6.5  1             1                   (13/2+)  0                                                                                                                                                                                                                              0.000000       
                                         10     0.9983  9.641E-01  1.000E+00  3.720E-02
 66   1.311000  -1.0  0             0                            0                                                                                                                                                                                                                              0.000000       
 67   1.347000  -1.0  0             0                            0                                                                                                                                                                                                                              0.000000       
 68   1.390000  -1.0  0             0                            0                                                                                                                                                                                                                              0.000000       
250Bk  250   97   41   53   36    1    4.965645    5.087661
  1   0.000000   2.0 -1  1.156E+04  0 u                      2-  1 =  1.0000E+02 %B-                                                                                                                                                                                                            0.000000  0    
  2   0.034470   3.0 -1             1 u                    (3-)  0                                                                                                                                                                                                                              0.000000  0    
                                          1     0.0345  5.552E-04  1.000E+00  1.800E+03
  3   0.035590   4.0  1  2.900E-05  2 u                    (4+)  0                                                                                                                                                                                                                              0.000000  1    
                                          2     0.0011  0.000E+00  0.000E+00  0.000E+00
                                          1     0.0356  7.769E-05  1.000E+00  1.287E+04
  4   0.078330   5.0  1             1 u                    (5+)  0                                                                                                                                                                                                                              0.000000  1    
                                          3     0.0427  1.582E-03  1.000E+00  6.310E+02
  5   0.080260   4.0 -1             2 u                    (4-)  0                                                                                                                                                                                                                              0.000000  0    
                                          2     0.0458  0.000E+00  0.000E+00  4.570E+02
                                          1     0.0803  0.000E+00  0.000E+00  1.319E+02
  6   0.086000   7.0  1  2.130E-04  1 u                    (7+)  0                                                                                                                                                                                                                              0.000000  2    
                                          4     0.0080  7.692E-07  1.000E+00  1.300E+06
  7   0.097490   5.0 -1  3.800E-08  1 u                    (5-)  0                                                                                                                                                                                                                              0.000000  3    
                                          3     0.0619  6.631E-01  1.000E+00  5.080E-01
  8   0.103830   1.0 -1             1 u                    (1-)  0                                                                                                                                                                                                                              0.000000  4    
                                          1     0.1038  1.181E-01  1.000E+00  7.470E+00
  9   0.115450   3.0  1             1 u                    (3+)  0                                                                                                                                                                                                                              0.000000  5    
                                          3     0.0799  5.865E-02  1.000E+00  1.605E+01
 10   0.125010   2.0 -1             2 u                    (2-)  0                                                                                                                                                                                                                              0.000000  4    
                                          2     0.0905  6.186E-02  7.504E-01  1.113E+01
                                          1     0.1250  4.640E-02  2.496E-01  4.380E+00
 11   0.130490   6.0  1             2 u                    (6+)  0                                                                                                                                                                                                                              0.000000  1    
                                          4     0.0522  0.000E+00  0.000E+00  2.600E+02
                                          3     0.0949  0.000E+00  0.000E+00  2.670E+01
 12   0.137320   5.0 -1             2 u                    (5-)  0                                                                                                                                                                                                                              0.000000  0    
                                          5     0.0571  0.000E+00  0.000E+00  4.280E+01
                                          2     0.1028  0.000E+00  0.000E+00  1.840E+01
 13   0.146430   2.0 -1             2 u                    (2-)  0                                                                                                                                                                                                                              0.000000  6    
                                          2     0.1120  0.000E+00  0.000E+00  6.010E+00
                                          1     0.1464  0.000E+00  0.000E+00  8.300E+00
 14   0.148600   4.0  1             2 u                    (4+)  0                                                                                                                                                                                                                              0.000000  5    
                                          4     0.0703  0.000E+00  0.000E+00  2.330E+01
                                          3     0.1130  0.000E+00  0.000E+00  5.850E+00
 15   0.156000   8.0  1             1 u                    (8+)  0                                                                                                                                                                                                                              0.000000  2    
                                          6     0.0704  1.493E-02  1.000E+00  6.600E+01
 16   0.157390   3.0 -1             3 u                    (3-)  0                                                                                                                                                                                                                              0.000000  4    
                                          8     0.0536  0.000E+00  0.000E+00  4.028E+02
                                          5     0.0771  0.000E+00  0.000E+00  1.778E+01
                                          2     0.1230  0.000E+00  0.000E+00  4.590E+00
 17   0.167090   6.0 -1             1 u                    (6-)  0                                                                                                                                                                                                                              0.000000  3    
                                          7     0.0696  1.429E-02  1.000E+00  6.900E+01
 18   0.175130   1.0  1  4.200E-08  3 u                    (1+)  0                                                                                                                                                                                                                              0.000000       
                                         10     0.0501  1.094E-01  2.059E-01  8.820E-01
                                          8     0.0713  4.974E-01  6.725E-01  3.520E-01
                                          1     0.1751  3.233E-02  1.216E-01  2.760E+00
 19   0.179990   3.0 -1             2 u                    (3-)  0                                                                                                                                                                                                                              0.000000  6    
                                          2     0.1456  0.000E+00  0.000E+00  1.290E+01
                                          1     0.1800  0.000E+00  0.000E+00  4.300E+00
 20   0.190000   7.0  1             0 u                    (7+)  0                                                                                                                                                                                                                              0.000000  1    
 21   0.203640   4.0 -1             2 u                    (4-)  0                                                                                                                                                                                                                              0.000000  4    
                                          5     0.1234  0.000E+00  0.000E+00  4.550E+00
                                          2     0.1692  0.000E+00  0.000E+00  8.400E+00
 22   0.211820   2.0  1             4 u                      2+  0                                                                                                                                                                                                                              0.000000  7    
                                         18     0.0367  0.000E+00  0.000E+00  1.299E+03
                                          9     0.0964  2.480E-02  2.550E-01  9.280E+00
                                          2     0.1774  2.480E-01  2.840E-01  1.450E-01
                                          1     0.2118  4.204E-01  4.610E-01  9.670E-02
 23   0.215940   0.0  1             2 u                    (0+)  0                                                                                                                                                                                                                              0.000000       
                                         18     0.0408  0.000E+00  0.000E+00  1.137E+02
                                          8     0.1121  0.000E+00  0.000E+00  1.090E-01
 24   0.236740   3.0  1             2 u                    (3+)  0                                                                                                                                                                                                                              0.000000  7    
                                          9     0.1213  0.000E+00  0.000E+00  4.780E+00
                                          2     0.2023  0.000E+00  0.000E+00  2.870E-01
 25   0.241000   9.0  1             1 u                    (9+)  0                                                                                                                                                                                                                              0.000000  2    
                                         15     0.0851  3.472E-02  1.000E+00  2.780E+01
 26   0.247900   7.0 -1             2 u                    (7-)  0                                                                                                                                                                                                                              0.000000  3    
                                         17     0.0808  0.000E+00  0.000E+00  3.480E+01
                                          7     0.1500  0.000E+00  0.000E+00  5.930E+00
 27   0.270460   4.0  1             2 u                    (4+)  0                                                                                                                                                                                                                              0.000000  7    
                                         22     0.0586  0.000E+00  0.000E+00  2.610E+02
                                          2     0.2360  0.000E+00  0.000E+00  1.815E-01
 28   0.298000   2.0 -1             0 n                          0                                                                                                                                                                                                                              0.000000       
 29   0.316000   5.0  1             0 u                    (5+)  0                                                                                                                                                                                                                              0.000000  7    
 30   0.316460   5.0  1             2 u                    (5+)  0                                                                                                                                                                                                                              0.000000  8    
                                          4     0.2381  0.000E+00  0.000E+00  3.210E+00
                                          3     0.2809  0.000E+00  0.000E+00  2.030E+00
 31   0.325000   6.0 -1             2 g                          0                                                                                                                                                                                                                              0.000000       
                                          7     0.2330  1.541E-01  4.437E-01  1.880E+00
                                          4     0.2490  4.815E-01  5.563E-01  1.554E-01
 32   0.333000   2.0 -1             0 n                          0                                                                                                                                                                                                                              0.000000       
 33   0.341000   4.0 -1             0 n                          0                                                                                                                                                                                                                              0.000000       
 34   0.369610   6.0  1             2 u                    (6+)  0                                                                                                                                                                                                                              0.000000  8    
                                         11     0.2392  0.000E+00  0.000E+00  3.170E+00
                                          4     0.2914  0.000E+00  0.000E+00  1.810E+00
 35   0.406000   6.0  1             0 u                    (6+)  0                                                                                                                                                                                                                              0.000000       
 36   0.413000   5.0  1             1 g                          0                                                                                                                                                                                                                              0.000000       
                                          7     0.3160  9.258E-01  1.000E+00  8.010E-02
 37   0.471000  -1.0  0             1                            0                                                                                                                                                                                                                              0.000000       
                                         17     0.3040  1.000E+00  1.000E+00  0.000E+00
 38   0.526000  -1.0  0             0                            0                                                                                                                                                                                                                              0.000000       
 39   0.527000  -1.0  0             0                            0                                                                                                                                                                                                                              0.000000       
 40   0.552000  -1.0  0             0                            0                                                                                                                                                                                                                              0.000000       
 41   0.566000  -1.0  0             0                            0                                                                                                                                                                                                                              0.000000       
251Bk  251   97   12   15    1    1    5.795342    5.050577
  1   0.000000   1.5 -1  3.336E+03  0                    (3/2-)  1 =  1.0000E+02 %B-                                                                                                                                                                                                            0.000000  0    
  2   0.032500   2.5 -1             1                    (5/2-)  0                                                                                                                                                                                                                              0.000000  0    
                                          1     0.0325  4.305E-04  1.000E+00  2.322E+03
  3   0.035500   3.5  1  5.800E-05  1                    (7/2+)  0                                                                                                                                                                                                                              0.000000  1    
                                          1     0.0355  8.123E-05  1.000E+00  1.231E+04
  4   0.070000   4.5  1             0                    (9/2+)  0                                                                                                                                                                                                                              0.000000  1    
  5   0.124000   5.5  1             0                   (11/2+)  0                                                                                                                                                                                                                              0.000000  1    
  6   0.269100   2.5  1             2                    (5/2+)  0                                                                                                                                                                                                                              0.000000       
                                          3     0.2336  3.489E-01  1.000E+00  1.866E+00
                                          1     0.2691  0.000E+00  0.000E+00  1.247E-01
  7   0.311700   0.5  1             1                    (1/2+)  0                                                                                                                                                                                                                              0.000000       
                                          1     0.3117  9.233E-01  1.000E+00  8.310E-02
  8   0.422200   1.5 -1             2                    (3/2-)  0                                                                                                                                                                                                                              0.000000       
                                          2     0.3897  4.552E-01  6.551E-01  4.390E-01
                                          1     0.4223  2.549E-01  3.449E-01  3.530E-01
  9   0.438200   0.5 -1             1                    (1/2-)  0                                                                                                                                                                                                                              0.000000       
                                          1     0.4382  7.582E-01  1.000E+00  3.190E-01
 10   0.542600   1.5 -1             1                    (3/2-)  0                                                                                                                                                                                                                              0.000000       
                                          1     0.5427  8.476E-01  1.000E+00  1.798E-01
 11   0.562500   1.5 -1             2                    (3/2-)  0                                                                                                                                                                                                                              0.000000       
                                          2     0.5300  5.196E-01  6.191E-01  1.915E-01
                                          1     0.5625  3.273E-01  3.809E-01  1.636E-01
 12   0.978400  -1.0  0             4                (1/2-,3/2)  0                                                                                                                                                                                                                              0.000000       
                                         11     0.4159  1.096E-01  1.096E-01  0.000E+00
                                         10     0.4358  1.027E-01  1.027E-01  0.000E+00
                                          2     0.9459  1.027E-01  1.027E-01  0.000E+00
                                          1     0.9782  6.849E-01  6.849E-01  0.000E+00
252Bk  252   97    1    0    1    1    4.765000    5.402000
  1   0.000000  -1.0  0  1.080E+02  0                            2 ?  0.0000E+00 %B-     ?  0.0000E+00 %A                                                                                                                                                                                       0.000000       
253Bk  253   97    1    0    1    1    5.677000    5.416000
  1   0.000000   1.5 -1  3.600E+03  0   X                 3/2-#  1 ?  0.0000E+00 %B-                                                                                                                                                                                                            0.000000       
254Bk  254   97    1    0    1    1    4.607000    0.000000
  1   0.000000  -1.0  0  6.000E+01  0                            1 ?  0.0000E+00 %B-                                                                                                                                                                                                            0.000000       
