241Fm  241  100    1    0    1    1    0.000000    2.294000
  1   0.000000   2.5  1  7.300E-04  0                     5/2+#  3 <  1.4000E+01 %A      <  1.2000E+01 %EC+%B+ ?  0.0000E+00 %SF                                                                                                                                                                0.000000       
242Fm  242  100    1    0    1    1    8.892000    2.783000
  1   0.000000   0.0  1  8.000E-04  0                        0+  2 AP 1.0000E+02 %SF     ?  0.0000E+00 %A                                                                                                                                                                                       0.000000       
243Fm  243  100    1    0    1    1    7.155000    2.774000
  1   0.000000   3.5 -1  2.310E-01  0                     7/2-#  3 =  9.1000E+01 %A      =  9.0000E+00 %SF     ?  0.0000E+00 %EC+%B+                                                                                                                                                            0.000000       
244Fm  244  100    1    0    1    1    8.424000    3.072000
  1   0.000000   0.0  1  3.120E-03  0                        0+  3 >  9.7000E+01 %SF     <  2.0000E+00 %EC+%B+ <  1.0000E+00 %A                                                                                                                                                                 0.000000       
245Fm  245  100    1    0    1    1    6.843000    3.123000
  1   0.000000   0.5  1  4.200E+00  0                     1/2+#  3 AP 1.0000E+02 %A      <  7.0000E+00 %EC+%B+ <  3.0000E-01 %SF                                                                                                                                                                0.000000       
246Fm  246  100    1    0    1    1    8.072000    3.413000
  1   0.000000   0.0  1  1.540E+00  0                        0+  3 =  9.3200E+01 %A      =  6.8000E+00 %SF     <  1.3000E+00 %EC                                                                                                                                                                0.000000       
247Fm  247  100    2    0    1    1    6.590000    3.435000
  1   0.000000   3.5  1  3.100E+01  0                    (7/2+)  2 AP 6.4000E+01 %A      ?  0.0000E+00 %EC+%B+                                                                                                                                                                                  0.000000       
  2   0.045000   0.5  1  5.100E+00  0                    (1/2+)  2 =  8.8000E+01 %A      =  1.2000E+01 %IT                                                                                                                                                                                      0.000000       
248Fm  248  100   11    9    1    6    7.846000    3.969571
  1   0.000000   0.0  1  3.450E+01  0                        0+  3 AP 1.0000E+02 %A      =  1.0000E-01 %SF     ?  0.0000E+00 %EC+%B+                                                                                                                                                            0.000000  0    
  2   0.046000   2.0  1             1                        2+  0                                                                                                                                                                                                                              0.000000  0    
                                          1     0.0460  9.515E-04  1.000E+00  1.050E+03
  3   0.152000   4.0  1             1                        4+  0                                                                                                                                                                                                                              0.000000  0    
                                          2     0.1060  4.717E-02  1.000E+00  2.020E+01
  4   0.317200   6.0  1             1                        6+  0                                                                                                                                                                                                                              0.000000  0    
                                          3     0.1652  2.577E-01  1.000E+00  2.880E+00
  5   0.538600   8.0  1             1                        8+  0                                                                                                                                                                                                                              0.000000  0    
                                          4     0.2214  5.249E-01  1.000E+00  9.050E-01
  6   0.813300  10.0  1             1                       10+  0                                                                                                                                                                                                                              0.000000  0    
                                          5     0.2747  7.047E-01  1.000E+00  4.190E-01
  7   1.074000  -1.0  0  1.010E-02  0                            0                                                                                                                                                                                                                              0.000000       
  8   1.137300  12.0  1             1                       12+  0                                                                                                                                                                                                                              0.000000  0    
                                          6     0.3240  8.026E-01  1.000E+00  2.460E-01
  9   1.507700  14.0  1             1                       14+  0                                                                                                                                                                                                                              0.000000  0    
                                          8     0.3704  8.584E-01  1.000E+00  1.650E-01
 10   1.921000  16.0  1             1                       16+  0                                                                                                                                                                                                                              0.000000  0    
                                          9     0.4130  8.913E-01  1.000E+00  1.220E-01
 11   2.372000  18.0  1             1                       18+  0                                                                                                                                                                                                                              0.000000  0    
                                         10     0.4510  9.118E-01  1.000E+00  9.670E-02
249Fm  249  100    8    8    1    3    6.449968    4.069000
  1   0.000000   3.5  1  9.600E+01  0                      7/2+  2 =  3.3000E+01 %A      ?  0.0000E+00 %EC+%B+                                                                                                                                                                                  0.000000  0    
  2   0.058000   4.5  1             1                      9/2+  0                                                                                                                                                                                                                              0.000000  0    
                                          1     0.0580  5.015E-03  1.000E+00  1.984E+02
  3   0.128600   5.5  1             2                     11/2+  0                                                                                                                                                                                                                              0.000000  0    
                                          2     0.0710  0.000E+00  0.000E+00  8.010E+01
                                          1     0.1290  0.000E+00  0.000E+00  8.250E+00
  4   0.146000  -1.0  0             0                            0                                                                                                                                                                                                                              0.000000       
  5   0.209500   2.5  1             1                      5/2+  0                                                                                                                                                                                                                              0.000000       
                                          1     0.2095  1.515E-01  1.000E+00  5.600E+00
  6   0.254000  -1.0  0             0                            0                                                                                                                                                                                                                              0.000000       
  7   0.279800   4.5 -1             3                      9/2-  0                                                                                                                                                                                                                              0.000000       
                                          3     0.1512  9.910E-02  1.202E-01  2.130E-01
                                          2     0.2218  5.506E-01  6.008E-01  9.130E-02
                                          1     0.2798  2.643E-01  2.789E-01  5.550E-02
  8   0.669000   3.5 -1             1                    (7/2-)  0                                                                                                                                                                                                                              0.000000       
                                          1     0.6690  9.850E-01  1.000E+00  1.525E-02
250Fm  250  100    2    0    1    1    7.518268    4.392000
  1   0.000000   0.0  1  1.860E+03  0                        0+  3 AP 1.0000E+02 %A      =  6.9000E-03 %SF     ?  0.0000E+00 %EC                                                                                                                                                                0.000000       
  2   1.199200  -1.0  0  1.800E+00  0   X                        4 =  8.0000E+01 %IT     =  2.0000E+01 %A      =  8.2000E-05 %SF     ?  0.0000E+00 %EC                                                                                                                                          1.199200       
251Fm  251  100   12    9    1    5    6.184703    4.555000
  1   0.000000   4.5 -1  1.908E+04  0                      9/2-  2 =  9.8200E+01 %EC+%B+ =  1.8000E+00 %A                                                                                                                                                                                       0.000000  0    
  2   0.063900   5.5 -1             1                     11/2-  0                                                                                                                                                                                                                              0.000000  0    
                                          1     0.0639  2.519E-02  1.000E+00  3.870E+01
  3   0.200000   2.5  1  2.110E-05  1                      5/2+  0                                                                                                                                                                                                                              0.000000  1    
                                          1     0.2000  4.032E-02  1.000E+00  2.380E+01
  4   0.243000   3.5  1             0                      7/2+  0                                                                                                                                                                                                                              0.000000  1    
  5   0.301000   4.5  1             0                      9/2+  0                                                                                                                                                                                                                              0.000000  1    
  6   0.353900   3.5  1             1                    (7/2+)  0                                                                                                                                                                                                                              0.000000       
                                          1     0.3539  9.669E-01  1.000E+00  3.420E-02
  7   0.391800   0.5  1  2.200E-08  1                      1/2+  0                                                                                                                                                                                                                              0.000000  2    
                                          3     0.1920  3.899E-01  1.000E+00  1.565E+00
  8   0.395050   1.5  1             2                      3/2+  0                                                                                                                                                                                                                              0.000000  2    
                                          7     0.0034  0.000E+00  0.000E+00  1.600E+04
                                          3     0.1949  1.272E-01  1.000E+00  6.860E+00
  9   0.461000   2.5  1             0                      5/2+  0                                                                                                                                                                                                                              0.000000  2    
 10   0.558430   0.5  1             3                      1/2+  0                                                                                                                                                                                                                              0.000000  3    
                                          8     0.1633  4.761E-02  5.856E-01  1.130E+01
                                          7     0.1667  2.176E-02  2.538E-01  1.066E+01
                                          3     0.3584  1.360E-01  1.606E-01  1.810E-01
 11   0.579000   1.5  1             0                      3/2+  0                                                                                                                                                                                                                              0.000000  3    
 12   0.604000   2.5  1             0                      5/2+  0                                                                                                                                                                                                                              0.000000  3    
252Fm  252  100    2    0    1    2    7.213516    4.983908
  1   0.000000   0.0  1  9.140E+04  0                        0+  3 AP 1.0000E+02 %A      =  2.3000E-03 %SF     ?  0.0000E+00 %2B+                                                                                                                                                               0.000000  0    
  2   0.042100   2.0  1             0                        2+  0                                                                                                                                                                                                                              0.000000  0    
253Fm  253  100   10   12    1    1    5.542380    5.238033
  1   0.000000   0.5  1  2.592E+05  0                      1/2+  2 =  8.8000E+01 %EC     =  1.2000E+01 %A                                                                                                                                                                                       0.000000  0    
  2   0.022300   1.5  1             1                    (3/2+)  0                                                                                                                                                                                                                              0.000000  0    
                                          1     0.0223  8.984E-05  1.000E+00  1.113E+04
  3   0.047100   2.5  1             2                    (5/2+)  0                                                                                                                                                                                                                              0.000000  0    
                                          2     0.0248  0.000E+00  0.000E+00  6.620E+03
                                          1     0.0471  0.000E+00  0.000E+00  3.580E+03
  4   0.124100   1.5  1             3                      3/2+  0                                                                                                                                                                                                                              0.000000  2    
                                          3     0.0770  2.872E-02  6.719E-01  2.240E+01
                                          2     0.1018  1.637E-02  1.796E-01  9.970E+00
                                          1     0.1241  2.240E-02  1.485E-01  5.630E+00
  5   0.140000   3.5  1             0   X                  7/2+  0                                                                                                                                                                                                                              0.140000  1    
  6   0.158700   2.5  1             1                    (5/2+)  0                                                                                                                                                                                                                              0.000000  2    
                                          2     0.1364  1.890E-01  1.000E+00  4.290E+00
  7   0.200000   4.5  1             0   X                  9/2+  0                                                                                                                                                                                                                              0.140000  1    
  8   0.275000   5.5  1             0   X                 11/2+  0                                                                                                                                                                                                                              0.140000  1    
  9   0.351000   5.5 -1  5.600E-07  2   X                 11/2-  0                                                                                                                                                                                                                              0.140000       
                                          8     0.0768  0.000E+00  0.000E+00  3.070E-01
                                          7     0.1505  0.000E+00  0.000E+00  2.150E-01
 10   0.538000   4.5  1             3   X                  9/2+  0                                                                                                                                                                                                                              0.140000       
                                          9     0.1880  0.000E+00  0.000E+00  1.317E-01
                                          7     0.3382  0.000E+00  0.000E+00  8.430E-01
                                          5     0.3982  0.000E+00  0.000E+00  5.360E-01
254Fm  254  100    5    8    1    5    6.514345    5.396936
  1   0.000000   0.0  1  1.166E+04  0                        0+  2 =  9.9941E+01 %A      =  5.9200E-02 %SF                                                                                                                                                                                      0.000000  0    
  2   0.044992   2.0  1             1                        2+  0                                                                                                                                                                                                                              0.000000  0    
                                          1     0.0450  8.525E-04  1.000E+00  1.172E+03
  3   0.149349   4.0  1             1                        4+  0                                                                                                                                                                                                                              0.000000  0    
                                          2     0.1044  4.405E-02  1.000E+00  2.170E+01
  4   0.693660   2.0  1             3                        2+  0                                                                                                                                                                                                                              0.000000  1    
                                          3     0.5443  1.576E-02  1.673E-02  6.120E-02
                                          2     0.6487  5.085E-01  5.302E-01  4.270E-02
                                          1     0.6937  4.373E-01  4.530E-01  3.590E-02
  5   0.733540   3.0  1             3                        3+  0                                                                                                                                                                                                                              0.000000  1    
                                          4     0.0399  0.000E+00  0.000E+00  2.100E+03
                                          3     0.5842  1.809E-01  1.907E-01  5.380E-02
                                          2     0.6887  7.799E-01  8.093E-01  3.780E-02
255Fm  255  100    3    3    1    1    5.173374    5.482657
  1   0.000000   3.5  1  7.225E+04  0                      7/2+  2 =  1.0000E+02 %A      =  2.4000E-05 %SF                                                                                                                                                                                      0.000000  0    
  2   0.061600   4.5  1             1                    (9/2+)  0                                                                                                                                                                                                                              0.000000  0    
                                          1     0.0617  2.278E-02  1.000E+00  4.290E+01
  3   0.231100   4.5  1             2                      9/2+  0                                                                                                                                                                                                                              0.000000       
                                          2     0.1695  2.546E-02  1.879E-01  6.380E+00
                                          1     0.2311  2.314E-01  8.121E-01  2.509E+00
256Fm  256  100   28   63    1    5    6.386987    5.893412
  1   0.000000   0.0  1  9.426E+03  0                        0+  2 =  9.1900E+01 %SF     =  8.1000E+00 %A                                                                                                                                                                                       0.000000  0    
  2   0.048120   2.0  1             1                        2+  0                                                                                                                                                                                                                              0.000000  0    
                                          1     0.0483  1.200E-03  1.000E+00  8.320E+02
  3   0.159600   4.0  1             1                        4+  0                                                                                                                                                                                                                              0.000000  0    
                                          2     0.1116  5.896E-02  1.000E+00  1.596E+01
  4   0.332200   6.0  1             1                        6+  0                                                                                                                                                                                                                              0.000000  0    
                                          3     0.1726  2.941E-01  1.000E+00  2.400E+00
  5   0.563300   8.0  1             1                        8+  0                                                                                                                                                                                                                              0.000000  0    
                                          4     0.2311  5.643E-01  1.000E+00  7.720E-01
  6   0.682210   2.0  1             2                      (2+)  0                                                                                                                                                                                                                              0.000000  1    
                                          2     0.6341  4.431E-01  5.111E-01  1.533E-01
                                          1     0.6822  4.714E-01  4.889E-01  3.720E-02
  7   0.725430   3.0  1             2                      (3+)  0                                                                                                                                                                                                                              0.000000  1    
                                          3     0.5659  1.635E-01  1.974E-01  2.072E-01
                                          2     0.6774  7.110E-01  8.026E-01  1.288E-01
  8   0.783200   4.0  1             2                      (4+)  0                                                                                                                                                                                                                              0.000000  1    
                                          4     0.4508  9.943E-02  1.127E-01  1.331E-01
                                          3     0.6235  7.648E-01  8.873E-01  1.602E-01
  9   0.853400   5.0  1             1                      (5+)  0                                                                                                                                                                                                                              0.000000  1    
                                          3     0.6938  8.921E-01  1.000E+00  1.210E-01
 10   0.881590   2.0 -1             3                      (2-)  0                                                                                                                                                                                                                              0.000000  2    
                                          7     0.1560  1.081E-02  1.901E-02  7.590E-01
                                          6     0.1993  1.873E-01  2.535E-01  3.530E-01
                                          2     0.8335  7.206E-01  7.275E-01  9.640E-03
 11   0.922030   3.0 -1             3                      (3-)  0                                                                                                                                                                                                                              0.000000  2    
                                          8     0.1410  2.587E-02  3.713E-02  4.350E-01
                                          7     0.1974  2.264E-01  3.086E-01  3.630E-01
                                          3     0.7627  6.468E-01  6.543E-01  1.157E-02
 12   0.938800   6.0  1             1                      (6+)  0                                                                                                                                                                                                                              0.000000  1    
                                          4     0.6066  8.530E-01  1.000E+00  1.723E-01
 13   0.978100   4.0 -1             1                      (4-)  0                                                                                                                                                                                                                              0.000000  2    
                                          7     0.2527  8.514E-01  1.000E+00  1.745E-01
 14   1.039000   7.0  1             2                      (7+)  0                                                                                                                                                                                                                              0.000000  1    
                                          9     0.1857  1.104E-01  4.404E-01  2.990E+00
                                          4     0.7068  5.017E-01  5.596E-01  1.153E-01
 15   1.045100   5.0 -1             2                      (5-)  0                                                                                                                                                                                                                              0.000000  2    
                                         13     0.0670  0.000E+00  0.000E+00  1.036E+02
                                          9     0.1920  0.000E+00  0.000E+00  3.960E-01
 16   1.099730   3.0  1             7                      (3+)  0                                                                                                                                                                                                                              0.000000  3    
                                         11     0.1780  5.690E-02  8.535E-02  5.000E-01
                                         10     0.2181  2.995E-01  3.800E-01  2.690E-01
                                          8     0.3164  5.391E-02  1.087E-01  1.016E+00
                                          7     0.3742  7.487E-02  1.225E-01  6.360E-01
                                          6     0.4176  8.086E-02  1.189E-01  4.700E-01
                                          3     0.9401  4.193E-02  4.423E-02  5.500E-02
                                          2     1.0515  1.348E-01  1.403E-01  4.130E-02
 17   1.123000   6.0 -1             2                      (6-)  0                                                                                                                                                                                                                              0.000000  2    
                                         15     0.0780  0.000E+00  0.000E+00  5.310E+01
                                          9     0.2695  0.000E+00  0.000E+00  1.451E-01
 18   1.150300   8.0  1             2                      (8+)  0                                                                                                                                                                                                                              0.000000  1    
                                         12     0.2112  0.000E+00  0.000E+00  1.767E+00
                                          5     0.5866  0.000E+00  0.000E+00  1.883E-01
 19   1.150400   4.0  1             1                      (4+)  0                                                                                                                                                                                                                              0.000000  3    
                                         16     0.0508  2.740E-03  1.000E+00  3.640E+02
 20   1.213500   7.0 -1             1                      (7-)  0                                                                                                                                                                                                                              0.000000  2    
                                         17     0.0905  3.436E-02  1.000E+00  2.810E+01
 21   1.251600   5.0  1             3                      (5+)  0                                                                                                                                                                                                                              0.000000  4    
                                          9     0.3972  2.281E-01  3.510E-01  5.390E-01
                                          8     0.4684  2.781E-01  3.738E-01  3.440E-01
                                          7     0.5261  2.531E-01  2.752E-01  8.740E-02
 22   1.326170   1.0  1             4                      (1+)  0                                                                                                                                                                                                                              0.000000       
                                          7     0.6008  9.377E-02  9.962E-02  6.240E-02
                                          6     0.6440  5.516E-01  6.327E-01  1.471E-01
                                          2     1.2780  7.722E-02  7.916E-02  2.516E-02
                                          1     1.3261  1.820E-01  1.885E-01  3.560E-02
 23   1.328300   6.0  1             2                      (6+)  0                                                                                                                                                                                                                              0.000000  4    
                                         21     0.0768  0.000E+00  0.000E+00  5.680E+01
                                         18     0.1780  0.000E+00  0.000E+00  3.570E+00
 24   1.360400   2.0  1             4                      (2+)  0                                                                                                                                                                                                                              0.000000       
                                          7     0.6341  3.268E-01  3.769E-01  1.533E-01
                                          6     0.6773  0.000E+00  0.000E+00  1.289E-01
                                          3     1.2006  1.806E-01  1.831E-01  1.388E-02
                                          2     1.3123  4.299E-01  4.401E-01  2.354E-02
 25   1.374190   1.0 -1             3                      (1-)  0                                                                                                                                                                                                                              0.000000       
                                          6     0.6920  4.932E-01  5.002E-01  1.418E-02
                                          2     1.3261  2.416E-01  2.426E-01  4.000E-03
                                          1     1.3741  2.564E-01  2.572E-01  3.080E-03
 26   1.405270   2.0 -1             3                      (2-)  0                                                                                                                                                                                                                              0.000000       
                                          7     0.6800  2.751E-01  2.791E-01  1.472E-02
                                          6     0.7230  3.222E-01  3.264E-01  1.293E-02
                                          2     1.3571  3.930E-01  3.945E-01  3.840E-03
 27   1.425100   7.0 -1  7.000E-08  7                      (7-)  1 =  1.0000E+02 %IT                                                                                                                                                                                                            0.000000       
                                         23     0.0968  5.819E-02  1.720E-01  1.956E+00
                                         20     0.2112  1.969E-02  8.429E-02  3.280E+00
                                         18     0.2753  2.596E-02  2.951E-02  1.367E-01
                                         17     0.3020  1.880E-02  4.059E-02  1.159E+00
                                         15     0.3800  8.505E-03  1.038E-02  2.207E-01
                                          5     0.8618  4.476E-01  4.516E-01  9.020E-03
                                          4     1.0929  2.104E-01  2.116E-01  5.670E-03
 28   1.559800  -1.0  0             1                   (7+,8+)  0                                                                                                                                                                                                                              0.000000       
                                         27     0.1347  9.315E-01  1.000E+00  7.350E-02
257Fm  257  100    1    0    1    1    4.965977    5.884000
  1   0.000000   4.5  1  8.683E+06  0                      9/2+  2 =  9.9790E+01 %A      =  2.1000E-01 %SF                                                                                                                                                                                      0.000000       
258Fm  258  100    1    0    1    1    6.235000    6.266000
  1   0.000000   0.0  1  3.700E-04  0                        0+  2 AP 1.0000E+02 %SF     ?  0.0000E+00 %A                                                                                                                                                                                       0.000000       
259Fm  259  100    1    0    1    1    4.793000    6.287000
  1   0.000000  -1.0  0  1.500E+00  0                            1 =  1.0000E+02 %SF                                                                                                                                                                                                            0.000000       
260Fm  260  100    1    0    1    1    6.010000    0.000000
  1   0.000000   0.0  1  6.000E+01  0                        0+  1 ?  0.0000E+00 %SF                                                                                                                                                                                                            0.000000       
