244Md  244  101    2    0    1    1    0.000000    1.008000
  1   0.000000   3.0  1  3.600E-01  0                       3+#  3 AP 1.0000E+02 %A      <  1.4000E+01 %B+SF   ?  0.0000E+00 %EC+%B+                                                                                                                                                            0.000000       
  2   0.200000  -1.0  0  5.000E-03  0   X                        3 ?  0.0000E+00 %EC+B+  ?  0.0000E+00 %A      ?  0.0000E+00 %SF                                                                                                                                                                0.200000       
245Md  245  101    2    0    1    1    8.344000    0.928000
  1   0.000000   3.5 -1  3.800E-01  0                    (7/2-)  2 AP 1.0000E+02 %A      ?  0.0000E+00 %EC+%B+                                                                                                                                                                                  0.000000       
  2   0.100000   0.5 -1  9.000E-04  0                    (1/2-)  2 ?  0.0000E+00 %A      ?  0.0000E+00 %SF                                                                                                                                                                                      0.000000       
246Md  246  101    2    0    1    1    7.281000    1.365000
  1   0.000000   1.0 -1  9.200E-01  0   X                   1-#  1 =  1.0000E+02 %A                                                                                                                                                                                                             0.000000       
  2   0.060000  -1.0  0  4.400E+00  0   Y                        2 =  7.7000E+01 %EC     =  2.3000E+01 %A                                                                                                                                                                                       0.060000       
247Md  247  101    2    0    1    1    8.251000    1.544000
  1   0.000000   3.5 -1  1.190E+00  0                     7/2-#  2 AP 1.0000E+02 %A      <  1.0000E-01 %SF                                                                                                                                                                                      0.000000       
  2   0.260000   0.5 -1  2.500E-01  0   X                (1/2-)  3 =  7.9000E+01 %A      =  7.9000E+01 %IT     =  2.1000E+01 %SF                                                                                                                                                                0.260000       
248Md  248  101    2    0    1    1    7.059000    2.014000
  1   0.000000  -1.0  0  7.000E+00  0                            3 =  8.0000E+01 %EC+%B+ =  2.0000E+01 %A      <  5.0000E-02 %B+SF                                                                                                                                                              0.000000       
  2   0.045000  -1.0  0             0                            0                                                                                                                                                                                                                              0.000000       
249Md  249  101    2    0    1    1    7.838000    2.005812
  1   0.000000   3.5 -1  2.560E+01  0                    (7/2-)  2 =  7.5000E+01 %A      ?  0.0000E+00 %EC+%B+                                                                                                                                                                                  0.000000       
  2   0.100000   0.5 -1  1.900E+00  0   X                (1/2-)  0                                                                                                                                                                                                                              0.100000       
250Md  250  101    3    0    1    1    6.853130    2.408973
  1   0.000000   2.0 -1  5.400E+01  0                       2-#  3 =  9.3000E+01 %EC+%B+ =  7.0000E+00 %A      =  2.6000E-02 %B+SF                                                                                                                                                              0.000000       
  2   0.250000  -1.0  0             0                            0                                                                                                                                                                                                                              0.000000       
  3   0.310000  -1.0  0             0                            0                                                                                                                                                                                                                              0.000000       
251Md  251  101   14   11    1    1    7.503710    2.394415
  1   0.000000   3.5 -1  2.526E+02  0                    (7/2-)  2 =  1.0000E+01 %A      ?  0.0000E+00 %EC+%B+                                                                                                                                                                                  0.000000       
  2   0.055000   0.5 -1             0                    (1/2-)  0                                                                                                                                                                                                                              0.000000  0    
  3   0.095000   2.5 -1             1                    (5/2-)  0                                                                                                                                                                                                                              0.000000  0    
                                          2     0.0400  9.505E-05  1.000E+00  1.052E+04
  4   0.135000   5.5 -1             0                   (11/2-)  0                                                                                                                                                                                                                              0.000000       
  5   0.188000   4.5 -1             1                    (9/2-)  0                                                                                                                                                                                                                              0.000000  0    
                                          3     0.0930  1.143E-02  1.000E+00  8.650E+01
  6   0.335000   6.5 -1             1                   (13/2-)  0                                                                                                                                                                                                                              0.000000  0    
                                          5     0.1470  1.009E-01  1.000E+00  8.910E+00
  7   0.530400   8.5 -1             1                   (17/2-)  0                                                                                                                                                                                                                              0.000000  0    
                                          6     0.1954  2.770E-01  1.000E+00  2.610E+00
  8   0.775300  10.5 -1             1                   (21/2-)  0                                                                                                                                                                                                                              0.000000  0    
                                          7     0.2449  4.831E-01  1.000E+00  1.070E+00
  9   1.067000  12.5 -1             1                   (25/2-)  0                                                                                                                                                                                                                              0.000000  0    
                                          8     0.2917  6.386E-01  1.000E+00  5.660E-01
 10   1.403100  14.5 -1             1                   (29/2-)  0                                                                                                                                                                                                                              0.000000  0    
                                          9     0.3361  7.413E-01  1.000E+00  3.490E-01
 11   1.779900  16.5 -1             1                   (33/2-)  0                                                                                                                                                                                                                              0.000000  0    
                                         10     0.3768  8.050E-01  1.000E+00  2.423E-01
 12   2.195000  18.5 -1             1                   (37/2-)  0                                                                                                                                                                                                                              0.000000  0    
                                         11     0.4151  8.470E-01  1.000E+00  1.806E-01
 13   2.644800  20.5 -1             1                   (41/2-)  0                                                                                                                                                                                                                              0.000000  0    
                                         12     0.4498  8.748E-01  1.000E+00  1.431E-01
 14   3.127800  22.5 -1             1                   (45/2-)  0                                                                                                                                                                                                                              0.000000  0    
                                         13     0.4830  8.950E-01  1.000E+00  1.173E-01
252Md  252  101    7    0    1    1    6.570949    2.780661
  1   0.000000   1.0  1  1.380E+02  0                       1+#  2 AP 1.0000E+02 %EC+%B+ ?  0.0000E+00 %A                                                                                                                                                                                       0.000000       
  2   0.049000  -1.0  0             0                            0                                                                                                                                                                                                                              0.000000       
  3   0.158000  -1.0  0             0                            0                                                                                                                                                                                                                              0.000000       
  4   0.204000  -1.0  0             0                            0                                                                                                                                                                                                                              0.000000       
  5   0.246000  -1.0  0             0                            0                                                                                                                                                                                                                              0.000000       
  6   0.287000  -1.0  0             0                            0                                                                                                                                                                                                                              0.000000       
  7   0.359000  -1.0  0             0                            0                                                                                                                                                                                                                              0.000000       
253Md  253  101    3    0    1    1    7.366000    2.933000
  1   0.000000   3.5 -1  7.200E+02  0                    (7/2-)  2 AP 1.0000E+02 %EC+%B+ AP 7.0000E-01 %A                                                                                                                                                                                       0.000000       
  2   0.060000  -1.0  0             0                            0                                                                                                                                                                                                                              0.000000       
  3   1.000000  -1.0  0             0                            0                                                                                                                                                                                                                              0.000000       
254Md  254  101    6    0    1    1    5.792000    3.182000
  1   0.000000   0.0 -1  6.000E+02  0                       0-#  2 AP 1.0000E+02 %EC+%B+ ?  0.0000E+00 %A                                                                                                                                                                                       0.000000       
  2   0.050000  -1.0  0  1.680E+03  0   X                        1 =  1.0000E+02 %EC+B+                                                                                                                                                                                                         0.050000       
  3   0.083000  -1.0  0             0                            0                                                                                                                                                                                                                              0.000000       
  4   0.114000  -1.0  0             0                            0                                                                                                                                                                                                                              0.000000       
  5   0.144000  -1.0  0             0                            0                                                                                                                                                                                                                              0.000000       
  6   0.175000  -1.0  0             0                            0                                                                                                                                                                                                                              0.000000       
255Md  255  101    2    0    1    1    6.682000    3.349423
  1   0.000000   3.5 -1  1.620E+03  0                      7/2-  3 =  9.3000E+01 %EC+%B+ =  7.0000E+00 %A      ?  0.0000E+00 %SF                                                                                                                                                                0.000000       
  2   0.012000   0.5 -1             0                    (1/2-)  0                                                                                                                                                                                                                              0.000000       
256Md  256  101    2    0    1    1    5.457000    3.633000
  1   0.000000   1.0 -1  4.662E+03  0                      (1-)  3 =  9.0800E+01 %EC+%B+ =  9.2000E+00 %A      <  3.0000E+00 %SF                                                                                                                                                                0.000000       
  2   0.240000  -1.0  0             0                            0                                                                                                                                                                                                                              0.000000       
257Md  257  101    1    0    1    1    6.535000    3.781296
  1   0.000000   3.5 -1  1.987E+04  0                    (7/2-)  3 =  8.5000E+01 %EC     =  1.5000E+01 %A      ?  0.0000E+00 %SF                                                                                                                                                                0.000000       
258Md  258  101    2    0    1    1    5.373440    4.188759
  1   0.000000   8.0 -1  4.457E+06  0                       8-#  3 AP 1.0000E+02 %A      <  1.5000E-03 %B-     <  1.5000E-03 %EC+%B+                                                                                                                                                            0.000000       
  2   0.100000   1.0 -1  3.420E+03  0   X                  (1-)  4 =  8.5000E+01 %EC     =  3.0000E+01 %B-     =  3.0000E+01 %SF+B-  =  1.2000E+00 %A                                                                                                                                           0.100000       
259Md  259  101    1    0    1    1    6.198000    4.151000
  1   0.000000   3.5 -1  5.760E+03  0                     7/2-#  2 AP 1.0000E+02 %SF     ?  0.0000E+00 %A                                                                                                                                                                                       0.000000       
260Md  260  101    1    0    1    1    5.086000    4.443000
  1   0.000000  -1.0  0  2.402E+06  0                            4 AP 1.0000E+02 %SF     <  5.0000E+00 %A      <  5.0000E+00 %EC     <  3.5000E+00 %B-                                                                                                                                          0.000000       
261Md  261  101    1    0    1    1    6.043000    4.476000
  1   0.000000   3.5 -1  2.400E+03  0                     7/2-#  1 ?  0.0000E+00 %A                                                                                                                                                                                                             0.000000       
262Md  262  101    1    0    1    1    4.983000    0.000000
  1   0.000000  -1.0  0  1.800E+02  0                            2 ?  0.0000E+00 %SF     ?  0.0000E+00 %A                                                                                                                                                                                       0.000000       
