248No  248  102    1    0    1    1    0.000000    2.536000
  1   0.000000   0.0  1             0                        0+  1 ?  0.0000E+00 %SF                                                                                                                                                                                                            0.000000       
249No  249  102    1    0    1    1    6.973000    2.450000
  1   0.000000   2.5  1  5.700E-05  0                     5/2+#  2 ?  0.0000E+00 %A      ?  0.0000E+00 %EC+%B+                                                                                                                                                                                  0.000000       
250No  250  102    2    0    1    1    8.292000    2.904000
  1   0.000000   0.0  1  5.080E-06  0                        0+  3 AP 1.0000E+02 %SF     ?  0.0000E+00 %A      ?  0.0000E+00 %EC+%B+                                                                                                                                                            0.000000       
  2   1.050000   6.0  1  4.600E-05  0                      (6+)  1 =  1.0000E+02 %SF                                                                                                                                                                                                            0.000000       
251No  251  102    6    5    1    1    6.788000    2.839000
  1   0.000000   3.5  1  8.000E-01  0                    (7/2+)  3 =  8.3000E+01 %A      <  3.0000E-01 %SF     ?  0.0000E+00 %EC+%B+                                                                                                                                                            0.000000  0    
  2   0.060700   4.5  1             1                    (9/2+)  0                                                                                                                                                                                                                              0.000000  0    
                                          1     0.0607  5.160E-03  1.000E+00  1.928E+02
  3   0.106000   0.5  1  1.020E+00  0                    (1/2+)  1 =  1.0000E+02 %A                                                                                                                                                                                                             0.000000       
  4   0.203600   4.5 -1             2                    (9/2-)  0                                                                                                                                                                                                                              0.000000       
                                          2     0.1433  4.680E-01  4.993E-01  6.690E-02
                                          1     0.2036  4.493E-01  5.007E-01  1.143E-01
  5   0.917200   3.5  1             1                    (7/2+)  0                                                                                                                                                                                                                              0.000000       
                                          4     0.7136  9.855E-01  1.000E+00  1.467E-02
  6   1.699700  -1.0  0             1                            0                                                                                                                                                                                                                              0.000000       
                                          5     0.7825  1.000E+00  1.000E+00  0.000E+00
252No  252  102   32   51    1    1    8.049000    3.384350
  1   0.000000   0.0  1  2.467E+00  0                        0+  3 =  6.7600E+01 %A      =  3.1300E+01 %SF     =  1.1000E+00 %EC+%B+                                                                                                                                                            0.000000  0    
  2   0.046400   2.0  1             1                      (2+)  0                                                                                                                                                                                                                              0.000000  0    
                                          1     0.0464  8.354E-04  1.000E+00  1.196E+03
  3   0.153600   4.0  1             1                      (4+)  0                                                                                                                                                                                                                              0.000000  0    
                                          2     0.1070  2.146E-02  1.000E+00  4.560E+01
  4   0.320600   6.0  1             1                      (6+)  0                                                                                                                                                                                                                              0.000000  0    
                                          3     0.1669  2.445E-01  1.000E+00  3.090E+00
  5   0.544400   8.0  1             1                      (8+)  0                                                                                                                                                                                                                              0.000000  0    
                                          4     0.2238  5.076E-01  1.000E+00  9.700E-01
  6   0.821600  10.0  1             1                     (10+)  0                                                                                                                                                                                                                              0.000000  0    
                                          5     0.2772  5.784E-01  1.000E+00  7.290E-01
  7   0.929100   2.0 -1             1                      (2-)  0                                                                                                                                                                                                                              0.000000  1    
                                          2     0.8830  9.906E-01  1.000E+00  9.470E-03
  8   0.966400   3.0 -1             1                      (3-)  0                                                                                                                                                                                                                              0.000000  1    
                                          2     0.9200  9.913E-01  1.000E+00  8.730E-03
  9   1.014900   4.0 -1             2                      (4-)  0                                                                                                                                                                                                                              0.000000  1    
                                          7     0.0860  0.000E+00  0.000E+00  1.439E+02
                                          3     0.8610  0.000E+00  0.000E+00  9.960E-03
 10   1.073400   5.0 -1             2                      (5-)  0                                                                                                                                                                                                                              0.000000  1    
                                          8     0.1070  0.000E+00  0.000E+00  4.560E+01
                                          3     0.9200  0.000E+00  0.000E+00  8.730E-03
 11   1.147900   6.0 -1             3                      (6-)  0                                                                                                                                                                                                                              0.000000  1    
                                         10     0.0750  0.000E+00  0.000E+00  7.550E+01
                                          9     0.1330  0.000E+00  0.000E+00  1.523E+01
                                          4     0.8270  0.000E+00  0.000E+00  1.081E-02
 12   1.150000  12.0  1             1                     (12+)  0                                                                                                                                                                                                                              0.000000  0    
                                          6     0.3284  7.117E-01  1.000E+00  4.050E-01
 13   1.229800   7.0 -1             3                      (7-)  0                                                                                                                                                                                                                              0.000000  1    
                                         10     0.1560  0.000E+00  0.000E+00  7.410E+00
                                          5     0.6850  0.000E+00  0.000E+00  1.600E-02
                                          4     0.9100  0.000E+00  0.000E+00  8.920E-03
 14   1.254600   8.0 -1  1.090E-01  2                      (8-)  1 =  1.0000E+02 %IT                                                                                                                                                                                                            0.000000  2    
                                         11     0.1070  0.000E+00  0.000E+00  4.560E+01
                                          5     0.7100  0.000E+00  0.000E+00  1.483E-02
 15   1.360600   9.0 -1             1                      (9-)  0                                                                                                                                                                                                                              0.000000  3    
                                         14     0.1060  5.388E-02  1.000E+00  1.756E+01
 16   1.478600  10.0 -1             2                     (10-)  0                                                                                                                                                                                                                              0.000000  2    
                                         15     0.1180  0.000E+00  0.000E+00  1.142E+01
                                         14     0.2240  0.000E+00  0.000E+00  1.626E+00
 17   1.525500  14.0  1             1                     (14+)  0                                                                                                                                                                                                                              0.000000  0    
                                         12     0.3755  7.924E-01  1.000E+00  2.620E-01
 18   1.607600  11.0 -1             2                     (11-)  0                                                                                                                                                                                                                              0.000000  3    
                                         16     0.1290  0.000E+00  0.000E+00  8.050E+00
                                         15     0.2470  0.000E+00  0.000E+00  1.116E+00
 19   1.747600  12.0 -1             2                     (12-)  0                                                                                                                                                                                                                              0.000000  2    
                                         18     0.1400  0.000E+00  0.000E+00  5.880E+00
                                         16     0.2690  0.000E+00  0.000E+00  8.130E-01
 20   1.898600  13.0 -1             2                     (13-)  0                                                                                                                                                                                                                              0.000000  3    
                                         19     0.1510  0.000E+00  0.000E+00  1.091E+01
                                         18     0.2910  0.000E+00  0.000E+00  6.130E-01
 21   1.942200  16.0  1             1                     (16+)  0                                                                                                                                                                                                                              0.000000  0    
                                         17     0.4167  8.396E-01  1.000E+00  1.910E-01
 22   2.060600  14.0 -1             2                     (14-)  0                                                                                                                                                                                                                              0.000000  2    
                                         20     0.1620  0.000E+00  0.000E+00  8.810E+00
                                         19     0.3130  0.000E+00  0.000E+00  4.760E-01
 23   2.232600  15.0 -1             2                     (15-)  0                                                                                                                                                                                                                              0.000000  3    
                                         22     0.1720  0.000E+00  0.000E+00  7.330E+00
                                         20     0.3340  0.000E+00  0.000E+00  3.820E-01
 24   2.395400  18.0  1             1                     (18+)  0                                                                                                                                                                                                                              0.000000  0    
                                         21     0.4532  8.698E-01  1.000E+00  1.497E-01
 25   2.414600  16.0 -1             2                     (16-)  0                                                                                                                                                                                                                              0.000000  2    
                                         23     0.1820  0.000E+00  0.000E+00  6.160E+00
                                         22     0.3540  0.000E+00  0.000E+00  3.160E-01
 26   2.607600  17.0 -1             2                     (17-)  0                                                                                                                                                                                                                              0.000000  3    
                                         25     0.1930  0.000E+00  0.000E+00  5.150E+00
                                         23     0.3750  0.000E+00  0.000E+00  2.630E-01
 27   2.816600  18.0 -1             2                     (18-)  0                                                                                                                                                                                                                              0.000000  2    
                                         26     0.2090  0.000E+00  0.000E+00  4.060E+00
                                         25     0.4020  0.000E+00  0.000E+00  2.127E-01
 28   2.879100  20.0  1             1                     (20+)  0                                                                                                                                                                                                                              0.000000  0    
                                         24     0.4837  8.890E-01  1.000E+00  1.248E-01
 29   3.027600  19.0 -1             2                     (19-)  0                                                                                                                                                                                                                              0.000000  3    
                                         27     0.2110  0.000E+00  0.000E+00  3.940E+00
                                         26     0.4200  0.000E+00  0.000E+00  1.866E-01
 30   3.252600  20.0 -1             2                     (20-)  0                                                                                                                                                                                                                              0.000000  2    
                                         29     0.2250  0.000E+00  0.000E+00  3.260E+00
                                         27     0.4360  0.000E+00  0.000E+00  1.673E-01
 31   3.480600  21.0 -1             2                     (21-)  0                                                                                                                                                                                                                              0.000000  3    
                                         30     0.2280  0.000E+00  0.000E+00  3.130E+00
                                         29     0.4530  0.000E+00  0.000E+00  1.499E-01
 32   3.719600  22.0 -1             2                     (22-)  0                                                                                                                                                                                                                              0.000000  2    
                                         31     0.2390  0.000E+00  0.000E+00  2.730E+00
                                         30     0.4670  0.000E+00  0.000E+00  1.376E-01
253No  253  102   33   51    1    1    6.583993    3.397393
  1   0.000000   4.5 -1  9.420E+01  0                     9/2-*  3 =  5.5000E+01 %A      ?  0.0000E+00 %EC+%B+ ?  0.0000E+00 %SF                                                                                                                                                                0.000000  0    
  2   0.064000   5.5 -1             1                   (11/2-)  0                                                                                                                                                                                                                              0.000000  1    
                                          1     0.0640  6.536E-03  1.000E+00  1.520E+02
  3   0.132800   6.5 -1             2                   (13/2-)  0                                                                                                                                                                                                                              0.000000  0    
                                          2     0.0700  0.000E+00  0.000E+00  1.022E+02
                                          1     0.1320  0.000E+00  0.000E+00  1.581E+01
  4   0.167500   2.5  1  3.110E-05  1                      5/2+  0                                                                                                                                                                                                                              0.000000       
                                          1     0.1675  1.919E-02  1.000E+00  5.110E+01
  5   0.220000   7.5 -1             2                   (15/2-)  0                                                                                                                                                                                                                              0.000000  1    
                                          3     0.0860  0.000E+00  0.000E+00  2.010E+01
                                          2     0.1560  1.876E-01  1.000E+00  4.330E+00
  6   0.258200  -1.0  0             1                            0                                                                                                                                                                                                                              0.000000       
                                          4     0.0907  1.000E+00  1.000E+00  0.000E+00
  7   0.317500   8.5 -1             2                   (17/2-)  0                                                                                                                                                                                                                              0.000000  0    
                                          5     0.0980  5.845E-02  8.639E-01  1.378E+01
                                          3     0.1840  4.267E-02  1.361E-01  2.190E+00
  8   0.427700   9.5 -1             2                   (19/2-)  0                                                                                                                                                                                                                              0.000000  1    
                                          7     0.1100  7.572E-02  8.224E-01  9.860E+00
                                          5     0.2080  7.572E-02  1.776E-01  1.346E+00
  9   0.450900   0.5  1             1                    (1/2+)  0                                                                                                                                                                                                                              0.000000       
                                          4     0.2834  6.954E-01  1.000E+00  4.380E-01
 10   0.551200  10.5 -1             2                   (21/2-)  0                                                                                                                                                                                                                              0.000000  0    
                                          8     0.1235  0.000E+00  0.000E+00  7.060E+00
                                          7     0.2335  5.350E-01  1.000E+00  8.690E-01
 11   0.670000   0.5  1             0                    (1/2+)  0                                                                                                                                                                                                                              0.000000       
 12   0.686700  11.5 -1             2                   (23/2-)  0                                                                                                                                                                                                                              0.000000  1    
                                         10     0.1355  6.944E-02  4.451E-01  5.410E+00
                                          8     0.2590  3.472E-01  5.549E-01  5.980E-01
 13   0.834200  12.5 -1             2                   (25/2-)  0                                                                                                                                                                                                                              0.000000  0    
                                         12     0.1475  0.000E+00  0.000E+00  4.240E+00
                                         10     0.2830  6.944E-01  1.000E+00  4.400E-01
 14   0.934500   7.5 -1             2                   (15/2-)  0                                                                                                                                                                                                                              0.000000  2    
                                          5     0.7143  2.497E-01  3.066E-01  2.280E-01
                                          3     0.8018  5.945E-01  6.934E-01  1.664E-01
 15   0.994200  13.5 -1             2                   (27/2-)  0                                                                                                                                                                                                                              0.000000  1    
                                         13     0.1600  4.526E-02  6.979E-01  1.442E+01
                                         12     0.3075  2.263E-01  3.021E-01  3.350E-01
 16   1.022600   8.5 -1             1                   (17/2-)  0                                                                                                                                                                                                                              0.000000  3    
                                         14     0.0877  2.500E-02  1.000E+00  3.900E+01
 17   1.122000   9.5 -1             2                   (19/2-)  0                                                                                                                                                                                                                              0.000000  2    
                                         16     0.0986  3.750E-02  9.374E-01  2.400E+01
                                         14     0.1886  2.100E-02  6.257E-02  1.980E+00
 18   1.165200  14.5 -1             2                   (29/2-)  0                                                                                                                                                                                                                              0.000000  0    
                                         15     0.1710  5.818E-02  7.547E-01  1.197E+01
                                         13     0.3310  1.939E-01  2.453E-01  2.650E-01
 19   1.196000   9.5  1  7.060E-04  0   X               (19/2+)  1 =  0.0000E+00 %IT                                                                                                                                                                                                            1.196000       
 20   1.232100  10.5 -1             2                   (21/2-)  0                                                                                                                                                                                                                              0.000000  3    
                                         17     0.1100  5.142E-02  8.228E-01  1.500E+01
                                         16     0.2095  7.675E-02  1.772E-01  1.309E+00
 21   1.256000  12.5  1             0   Y               (25/2+)  0                                                                                                                                                                                                                              1.256000       
 22   1.346700  15.5 -1             2                   (31/2-)  0                                                                                                                                                                                                                              0.000000  1    
                                         18     0.1815  6.177E-02  6.863E-01  1.011E+01
                                         15     0.3525  2.574E-01  3.137E-01  2.190E-01
 23   1.352000  11.5 -1             2                   (23/2-)  0                                                                                                                                                                                                                              0.000000  2    
                                         20     0.1200  0.000E+00  0.000E+00  1.068E+01
                                         17     0.2300  0.000E+00  0.000E+00  1.467E+00
 24   1.541700  16.5 -1             2                   (33/2-)  0                                                                                                                                                                                                                              0.000000  0    
                                         22     0.1950  6.321E-02  5.853E-01  8.260E+00
                                         18     0.3765  3.511E-01  4.147E-01  1.810E-01
 25   1.744700  17.5 -1             2                   (35/2-)  0                                                                                                                                                                                                                              0.000000  1    
                                         24     0.2030  8.818E-02  7.390E-01  7.380E+00
                                         22     0.3980  2.261E-01  2.610E-01  1.544E-01
 26   1.962700  18.5 -1             2                   (37/2-)  0                                                                                                                                                                                                                              0.000000  0    
                                         25     0.2180  0.000E+00  0.000E+00  6.030E+00
                                         24     0.4210  8.831E-01  1.000E+00  1.324E-01
 27   2.184700  19.5 -1             2                   (39/2-)  0                                                                                                                                                                                                                              0.000000  1    
                                         26     0.2220  1.065E-01  7.166E-01  5.730E+00
                                         25     0.4400  2.535E-01  2.834E-01  1.177E-01
 28   2.423700  20.5 -1             2                   (41/2-)  0                                                                                                                                                                                                                              0.000000  0    
                                         27     0.2390  0.000E+00  0.000E+00  4.660E+00
                                         26     0.4610  9.056E-01  1.000E+00  1.043E-01
 29   2.636000  -1.0  0  6.270E-04  0   X                        1 =  0.0000E+00 %IT                                                                                                                                                                                                            1.196000       
 30   2.665700  21.5 -1             2                   (43/2-)  0                                                                                                                                                                                                                              0.000000  1    
                                         28     0.2420  1.252E-01  6.887E-01  4.500E+00
                                         27     0.4810  2.846E-01  3.113E-01  9.370E-02
 31   2.925700  22.5 -1             2                   (45/2-)  0                                                                                                                                                                                                                              0.000000  0    
                                         30     0.2600  0.000E+00  0.000E+00  3.680E+00
                                         28     0.5020  9.223E-01  1.000E+00  8.430E-02
 32   3.183000  23.5 -1             2                   (47/2-)  0                                                                                                                                                                                                                              0.000000  1    
                                         31     0.2590  0.000E+00  0.000E+00  3.720E+00
                                         30     0.5190  9.278E-01  1.000E+00  7.780E-02
 33   3.465000  24.5 -1             2                   (49/2-)  0                                                                                                                                                                                                                              0.000000  0    
                                         32     0.2820  0.000E+00  0.000E+00  2.930E+00
                                         31     0.5410  9.341E-01  1.000E+00  7.050E-02
254No  254  102   22   29    1    6    7.706702    3.738000
  1   0.000000   0.0  1  5.120E+01  0                        0+  3 =  9.0000E+01 %A      =  1.0000E+01 %EC+%B+ =  1.7000E-01 %SF                                                                                                                                                                0.000000  0    
  2   0.044200   2.0  1             1                        2+  0                                                                                                                                                                                                                              0.000000  0    
                                          1     0.0442  6.618E-04  1.000E+00  1.510E+03
  3   0.145200   4.0  1             1                        4+  0                                                                                                                                                                                                                              0.000000  0    
                                          2     0.1011  3.226E-02  1.000E+00  3.000E+01
  4   0.304600   6.0  1             1                        6+  0                                                                                                                                                                                                                              0.000000  0    
                                          3     0.1595  2.024E-01  1.000E+00  3.940E+00
  5   0.518700   8.0  1             1                        8+  0                                                                                                                                                                                                                              0.000000  0    
                                          4     0.2141  4.537E-01  1.000E+00  1.204E+00
  6   0.786000  10.0  1             1                       10+  0                                                                                                                                                                                                                              0.000000  0    
                                          5     0.2673  6.515E-01  1.000E+00  5.350E-01
  7   0.987500   3.0  1             2                      (3+)  0                                                                                                                                                                                                                              0.000000  1    
                                          3     0.8420  2.473E-01  2.687E-01  8.650E-02
                                          2     0.9430  6.870E-01  7.313E-01  6.450E-02
  8   1.033200   4.0  1             2                      (4+)  0                                                                                                                                                                                                                              0.000000  1    
                                          7     0.0450  0.000E+00  0.000E+00  7.600E+02
                                          3     0.8870  0.000E+00  0.000E+00  7.560E-02
  9   1.091100   5.0  1             3                      (5+)  0                                                                                                                                                                                                                              0.000000  1    
                                          8     0.0580  0.000E+00  0.000E+00  2.368E+02
                                          7     0.1030  0.000E+00  0.000E+00  5.550E+01
                                          4     0.7860  0.000E+00  0.000E+00  1.036E-01
 10   1.104100  12.0  1             1                       12+  0                                                                                                                                                                                                                              0.000000  0    
                                          6     0.3181  7.692E-01  1.000E+00  3.000E-01
 11   1.160300   6.0  1             3                      (6+)  0                                                                                                                                                                                                                              0.000000  1    
                                          9     0.0690  0.000E+00  0.000E+00  1.089E+02
                                          8     0.1260  0.000E+00  0.000E+00  1.992E+01
                                          4     0.8560  0.000E+00  0.000E+00  8.290E-02
 12   1.243100   7.0  1             3                      (7+)  0                                                                                                                                                                                                                              0.000000  1    
                                         11     0.0820  1.592E-02  8.324E-01  5.130E+01
                                          9     0.1510  1.751E-02  1.676E-01  8.570E+00
                                          4     0.9400  0.000E+00  0.000E+00  6.500E-02
 13   1.296400   8.0 -1  2.650E-01  2                      (8-)  3 =  1.0000E+02 %IT     =  2.0000E-02 %SF     =  1.0000E-02 %A                                                                                                                                                                 0.000000  2    
                                         12     0.0530  5.073E-01  9.284E-01  8.300E-01
                                          5     0.7780  7.102E-02  7.163E-02  8.500E-03
 14   1.407800   9.0 -1             1                      (9-)  0                                                                                                                                                                                                                              0.000000  2    
                                         13     0.1114  9.515E-02  1.000E+00  9.510E+00
 15   1.470700  14.0  1             1                       14+  0                                                                                                                                                                                                                              0.000000  0    
                                         10     0.3666  8.368E-01  1.000E+00  1.950E-01
 16   1.530800  10.0 -1             1                     (10-)  0                                                                                                                                                                                                                              0.000000  2    
                                         14     0.1230  9.355E-02  1.000E+00  9.690E+00
 17   1.883400  16.0  1             1                       16+  0                                                                                                                                                                                                                              0.000000  0    
                                         15     0.4127  8.774E-01  1.000E+00  1.397E-01
 18   2.339400  18.0  1             1                       18+  0                                                                                                                                                                                                                              0.000000  0    
                                         17     0.4560  8.718E-01  1.000E+00  1.471E-01
 19   2.837400  20.0  1             1                     (20+)  0                                                                                                                                                                                                                              0.000000  0    
                                         18     0.4980  8.966E-01  1.000E+00  1.153E-01
 20   3.217000  16.0  0  1.840E-04  0   Y                  (16)  2 =  1.0000E+02 %IT     =  1.2000E-02 %SF                                                                                                                                                                                      0.902200       
 21   3.373400  22.0  1             1                     (22+)  0                                                                                                                                                                                                                              0.000000  0    
                                         19     0.5360  9.134E-01  1.000E+00  9.480E-02
 22   3.943400  24.0  1             1                     (24+)  0                                                                                                                                                                                                                              0.000000  0    
                                         21     0.5700  9.252E-01  1.000E+00  8.090E-02
255No  255  102    3    0    1    1    5.982696    3.930000
  1   0.000000   0.5  1  2.112E+02  0                    (1/2+)  2 =  7.0000E+01 %EC+%B+ =  3.0000E+01 %A                                                                                                                                                                                       0.000000       
  2   0.100000  -1.0  0             0   X                        0                                                                                                                                                                                                                              0.100000       
  3   0.201000  -1.0  0             0   X                        0                                                                                                                                                                                                                              0.100000       
256No  256  102    1    0    1    1    7.060206    4.307994
  1   0.000000   0.0  1  2.910E+00  0                        0+  3 =  9.9450E+01 %A      =  5.5000E-01 %SF     ?  0.0000E+00 %EC                                                                                                                                                                0.000000       
257No  257  102    2    0    1    1    5.647300    4.498000
  1   0.000000   1.5  1  2.450E+01  0                    (3/2+)  3 =  8.5000E+01 %A      =  1.5000E+01 %EC+%B+ ?  0.0000E+00 %SF                                                                                                                                                                0.000000       
  2   0.300000  -1.0  0             0   X                        0                                                                                                                                                                                                                              0.300000       
258No  258  102    1    0    1    1    6.841000    4.804000
  1   0.000000   0.0  1  1.230E-03  0                        0+  2 AP 1.0000E+02 %SF     ?  0.0000E+00 %A                                                                                                                                                                                       0.000000       
259No  259  102    1    0    1    1    5.469000    4.899940
  1   0.000000   4.5  1  3.480E+03  0                      9/2+  3 =  7.5000E+01 %A      =  2.5000E+01 %EC     <  1.0000E+01 %SF                                                                                                                                                                0.000000       
260No  260  102    1    0    1    1    6.541000    5.243000
  1   0.000000   0.0  1  1.060E-01  0                        0+  1 =  1.0000E+02 %SF                                                                                                                                                                                                            0.000000       
261No  261  102    1    0    1    1    5.226000    5.384000
  1   0.000000  -1.0  0  1.080E+04  0                            1 ?  0.0000E+00 %A                                                                                                                                                                                                             0.000000       
262No  262  102    1    0    1    1    6.425000    5.766000
  1   0.000000   0.0  1  5.000E-03  0                        0+  2 =  1.0000E+02 %SF     ?  0.0000E+00 %A                                                                                                                                                                                       0.000000       
263No  263  102    1    0    1    1    5.043000    5.827000
  1   0.000000  -1.0  0  1.200E+03  0                            2 ?  0.0000E+00 %A      ?  0.0000E+00 %SF                                                                                                                                                                                      0.000000       
264No  264  102    1    0    1    1    6.190000    0.000000
  1   0.000000   0.0  1  6.000E+01  0                        0+  2 ?  0.0000E+00 %A      ?  0.0000E+00 %SF                                                                                                                                                                                      0.000000       
