251Lr  251  103    1    0    1    1    0.000000    1.025000
  1   0.000000  -1.0  0  3.000E-04  0                            2 ?  0.0000E+00 %EC+%B+ ?  0.0000E+00 %A                                                                                                                                                                                       0.000000       
252Lr  252  103    4    0    1    1    7.364000    1.601000
  1   0.000000   7.0 -1  3.690E-01  0                       7-#  3 AP 9.8000E+01 %A      AP 2.0000E+00 %SF     ?  0.0000E+00 %EC+%B+                                                                                                                                                            0.000000       
  2   0.120000  -1.0  0             0                            0                                                                                                                                                                                                                              0.000000       
  3   0.180000  -1.0  0             0                            0                                                                                                                                                                                                                              0.000000       
  4   0.310000  -1.0  0             0                            0                                                                                                                                                                                                                              0.000000       
253Lr  253  103    3    0    1    1    8.085000    1.636870
  1   0.000000   3.5 -1  6.320E-01  0                    (7/2-)  3 =  9.0000E+01 %A      =  1.0000E+00 %SF     ?  0.0000E+00 %EC+%B+                                                                                                                                                            0.000000       
  2   0.030000   0.5 -1  1.490E+00  0   Y                (1/2-)  2 =  9.2000E+01 %A      =  8.0000E+00 %SF                                                                                                                                                                                      0.030000       
  3   0.107000   4.5 -1             0                    (9/2-)  0                                                                                                                                                                                                                              0.000000       
254Lr  254  103    8    0    1    1    6.948902    2.001780
  1   0.000000   4.0  1  1.200E+01  0                       4+#  3 =  7.1700E+01 %A      =  2.8300E+01 %EC+%B+ <  1.0000E-01 %SF                                                                                                                                                                0.000000       
  2   0.074000  -1.0  0             0                            0                                                                                                                                                                                                                              0.000000       
  3   0.107000  -1.0  0             0   X                        2 ?  0.0000E+00 %EC+B+  ?  0.0000E+00 %A                                                                                                                                                                                       0.107000       
  4   0.190000  -1.0  0             0                            0                                                                                                                                                                                                                              0.000000       
  5   0.222000  -1.0  0             0                            0                                                                                                                                                                                                                              0.000000       
  6   0.248000  -1.0  0             0                            0                                                                                                                                                                                                                              0.000000       
  7   0.268000  -1.0  0             0                            0                                                                                                                                                                                                                              0.000000       
  8   0.344000  -1.0  0             0                            0                                                                                                                                                                                                                              0.000000       
255Lr  255  103   23   24    1    1    7.769900    2.064977
  1   0.000000   0.5 -1  3.110E+01  0                    (1/2-)  3 =  9.9700E+01 %A      =  3.0000E-01 %EC+%B+ ?  0.0000E+00 %SF                                                                                                                                                                0.000000       
  2   0.038000   3.5 -1  2.540E+00  0                    [7/2-]  2 =  6.0000E+01 %IT     =  4.0000E+01 %A                                                                                                                                                                                       0.000000  0    
  3   0.056000   4.5  1             0   Y                (9/2+)  0                                                                                                                                                                                                                              0.056000  1    
  4   0.125500   5.5  1             1   Y               (11/2+)  0                                                                                                                                                                                                                              0.056000  1    
                                          3     0.0695  2.342E-02  1.000E+00  4.170E+01
  5   0.196600   2.5 -1             1                      5/2-  0                                                                                                                                                                                                                              0.000000  2    
                                          1     0.1966  2.519E-01  1.000E+00  2.970E+00
  6   0.207800   6.5  1             1   Y               (13/2+)  0                                                                                                                                                                                                                              0.056000  1    
                                          4     0.0823  3.774E-02  1.000E+00  2.550E+01
  7   0.302500   7.5  1             2   Y               (15/2+)  0                                                                                                                                                                                                                              0.056000  1    
                                          6     0.0947  5.222E-02  9.347E-01  1.690E+01
                                          4     0.1770  1.723E-02  6.531E-02  2.790E+00
  8   0.409400   8.5  1             1   Y               (17/2+)  0                                                                                                                                                                                                                              0.056000  1    
                                          7     0.1070  5.105E-02  1.000E+00  1.859E+01
  9   0.443800   4.5 -1             1                      9/2-  0                                                                                                                                                                                                                              0.000000  2    
                                          5     0.2472  4.548E-01  1.000E+00  1.199E+00
 10   0.466000   7.5 -1             1                   (15/2-)  0                                                                                                                                                                                                                              0.000000  0    
                                          6     0.2390  8.053E-01  1.000E+00  2.418E-01
 11   0.740000   6.5 -1             1                   (13/2-)  0                                                                                                                                                                                                                              0.000000  2    
                                          9     0.2962  6.177E-01  1.000E+00  6.190E-01
 12   0.796000   7.5  1             3   Y               (15/2+)  0                                                                                                                                                                                                                              0.056000  3    
                                          8     0.3866  6.535E-02  1.530E-01  1.341E+00
                                          7     0.4935  2.841E-01  4.788E-01  6.850E-01
                                          6     0.5881  2.586E-01  3.682E-01  4.240E-01
 13   0.906400   8.5  1             1   Y               (17/2+)  0                                                                                                                                                                                                                              0.056000  3    
                                         12     0.1104  8.432E-02  1.000E+00  1.086E+01
 14   0.934800   9.5 -1  1.000E-08  1   Y               (19/2-)  0                                                                                                                                                                                                                              0.056000  4    
                                         13     0.0280  2.717E-01  1.000E+00  2.680E+00
 15   1.028900   9.5  1             1   Y               (19/2+)  0                                                                                                                                                                                                                              0.056000  3    
                                         13     0.1230  1.117E-01  1.000E+00  7.950E+00
 16   1.072300  10.5 -1             1   Y               (21/2-)  0                                                                                                                                                                                                                              0.056000  4    
                                         14     0.1374  1.475E-01  1.000E+00  5.780E+00
 17   1.082900   8.5 -1             1                   (17/2-)  0                                                                                                                                                                                                                              0.000000  2    
                                         11     0.3429  7.267E-01  1.000E+00  3.760E-01
 18   1.164000  10.5  1             1   Y               (21/2+)  0                                                                                                                                                                                                                              0.056000  3    
                                         15     0.1352  1.416E-01  1.000E+00  6.060E+00
 19   1.220700  11.5 -1             1   Y               (23/2-)  0                                                                                                                                                                                                                              0.056000  4    
                                         16     0.1483  1.773E-01  1.000E+00  4.640E+00
 20   1.464600  12.5  1  1.700E-03  2   Y               (25/2+)  2 =  9.9850E+01 %IT     =  1.5000E-01 %A                                                                                                                                                                                       0.056000       
                                         19     0.2439  2.975E-01  3.210E-01  7.900E-02
                                         18     0.3006  4.877E-01  6.775E-01  3.890E-01
 21   1.469900  10.5 -1             1                   (21/2-)  0                                                                                                                                                                                                                              0.000000  2    
                                         17     0.3870  7.962E-01  1.000E+00  2.560E-01
 22   1.476400  13.5 -1             1                   (27/2-)  0                                                                                                                                                                                                                              0.000000  0    
                                         17     0.3840  1.000E+00  1.000E+00  0.000E+00
 23   1.899900  12.5 -1             1                   (25/2-)  0                                                                                                                                                                                                                              0.000000  2    
                                         21     0.4300  8.429E-01  1.000E+00  1.864E-01
256Lr  256  103    4    0    1    1    6.272020    2.354302
  1   0.000000  -1.0  0  2.790E+01  0                  (0-,3-)#  3 =  8.5000E+01 %A      =  1.5000E+01 %EC+%B+ <  3.0000E-02 %SF                                                                                                                                                                0.000000       
  2   0.236000  -1.0  0             0                            0                                                                                                                                                                                                                              0.000000       
  3   0.282000  -1.0  0             0                            0                                                                                                                                                                                                                              0.000000       
  4   0.317000  -1.0  0             0                            0                                                                                                                                                                                                                              0.000000       
257Lr  257  103    2    0    1    1    7.153000    2.447000
  1   0.000000   3.5 -1  6.000E+00  0                     7/2-#  3 AP 1.0000E+02 %A      ?  0.0000E+00 %EC+%B+ ?  0.0000E+00 %SF                                                                                                                                                                0.000000       
  2   0.150000  -1.0  0             0                            0                                                                                                                                                                                                                              0.000000       
258Lr  258  103    1    0    1    1    5.955000    2.754000
  1   0.000000  -1.0  0  3.920E+00  0                            2 =  9.7400E+01 %A      =  2.6000E+00 %EC+%B+                                                                                                                                                                                  0.000000       
259Lr  259  103    2    0    1    1    7.002000    2.916000
  1   0.000000   0.5 -1  6.200E+00  0                     1/2-#  3 =  7.8000E+01 %A      =  2.2000E+01 %SF     ?  0.0000E+00 %EC+%B+                                                                                                                                                            0.000000       
  2   0.350000  -1.0  0             0   X                        0                                                                                                                                                                                                                              0.350000       
260Lr  260  103    1    0    1    1    5.645000    3.092000
  1   0.000000  -1.0  0  1.800E+02  0                            2 =  8.0000E+01 %A      =  2.0000E+01 %EC+%B+                                                                                                                                                                                  0.000000       
261Lr  261  103    1    0    1    1    6.791000    3.341000
  1   0.000000   0.5 -1  2.340E+03  0                     1/2-#  2 AP 1.0000E+02 %SF     ?  0.0000E+00 %A                                                                                                                                                                                       0.000000       
262Lr  262  103    1    0    1    1    5.523000    3.639000
  1   0.000000  -1.0  0  1.440E+04  0                            3 <  1.0000E+01 %SF     ?  0.0000E+00 %A      ?  0.0000E+00 %EC+%B+                                                                                                                                                            0.000000       
263Lr  263  103    1    0    1    1    6.508000    3.721000
  1   0.000000   0.5 -1  1.800E+04  0                     1/2-#  1 ?  0.0000E+00 %A                                                                                                                                                                                                             0.000000       
264Lr  264  103    1    0    1    1    5.366000    4.043000
  1   0.000000  -1.0  0  3.600E+04  0                            2 ?  0.0000E+00 %A      ?  0.0000E+00 %SF                                                                                                                                                                                      0.000000       
265Lr  265  103    1    0    1    1    6.213000    4.066000
  1   0.000000   0.5 -1  3.600E+04  0                     1/2-#  2 ?  0.0000E+00 %A      ?  0.0000E+00 %SF                                                                                                                                                                                      0.000000       
266Lr  266  103    1    0    1    1    4.643000    0.000000
  1   0.000000  -1.0  0  7.920E+04  0                            1 =  1.0000E+02 %SF                                                                                                                                                                                                            0.000000       
