253Rf  253  104    2    0    1    1    0.000000    2.184000
  1   0.000000   3.5  1  1.300E-02  0   X             (7/2)(+#)  2 AP 1.0000E+02 %SF     ?  0.0000E+00 %A                                                                                                                                                                                       0.000000       
  2   0.200000  -1.0  0  4.800E-05  0   Y                        2 =  1.0000E+02 %SF     ?  0.0000E+00 %A                                                                                                                                                                                       0.200000       
254Rf  254  104    3    0    1    1    8.512000    2.611000
  1   0.000000   0.0  1  2.290E-05  0                        0+  2 AP 1.0000E+02 %SF     <  1.5000E+00 %A                                                                                                                                                                                       0.000000       
  2   1.300000   8.0 -1  4.700E-06  0   X                  (8-)  2 =  1.0000E+02 %IT     =  1.0000E+01 %SF                                                                                                                                                                                      1.300000       
  3   2.000000  16.0  1  2.470E-04  0   Y                 (16+)  2 =  1.0000E+02 %IT     =  4.0000E+01 %SF                                                                                                                                                                                      2.000000       
255Rf  255  104    4    0    1    1    6.943000    2.605000
  1   0.000000   4.5 -1  1.630E+00  0                    (9/2-)  3 =  5.2800E+01 %A      =  4.7200E+01 %SF     <  6.0000E+00 %EC+%B+                                                                                                                                                            0.000000       
  2   0.063000  -1.0  0             0                            0                                                                                                                                                                                                                              0.000000       
  3   0.121000  -1.0  0             0                            0                                                                                                                                                                                                                              0.000000       
  4   0.656000  -1.0  0             0                            0                                                                                                                                                                                                                              0.000000       
256Rf  256  104   15   11    1    1    8.179000    3.014284
  1   0.000000   0.0  1  6.600E-03  0                        0+  2 =  9.9690E+01 %SF     =  3.1000E-01 %A                                                                                                                                                                                       0.000000  0    
  2   0.044000   2.0  1             1                      (2+)  0                                                                                                                                                                                                                              0.000000  0    
                                          1     0.0440  5.461E-04  1.000E+00  1.830E+03
  3   0.148000   4.0  1             1                      (4+)  0                                                                                                                                                                                                                              0.000000  0    
                                          2     0.1040  3.077E-02  1.000E+00  3.150E+01
  4   0.309000   6.0  1             1                      (6+)  0                                                                                                                                                                                                                              0.000000  0    
                                          3     0.1610  1.815E-01  1.000E+00  4.510E+00
  5   0.527000   8.0  1             1                      (8+)  0                                                                                                                                                                                                                              0.000000  0    
                                          4     0.2180  4.292E-01  1.000E+00  1.330E+00
  6   0.799000  10.0  1             1                     (10+)  0                                                                                                                                                                                                                              0.000000  0    
                                          5     0.2720  6.293E-01  1.000E+00  5.890E-01
  7   0.946000   3.0 -1             1                      (3-)  0                                                                                                                                                                                                                              0.000000       
                                          2     0.9000  1.000E+00  1.000E+00  0.000E+00
  8   1.120000   5.0 -1  2.500E-05  0                      (5-)  2 ?  0.0000E+00 %SF     ?  0.0000E+00 %IT                                                                                                                                                                                      0.000000       
  9   1.122000  12.0  1             1                     (12+)  0                                                                                                                                                                                                                              0.000000  0    
                                          6     0.3230  7.502E-01  1.000E+00  3.330E-01
 10   1.400000   8.0 -1  1.700E-05  0                      (8-)  2 ?  0.0000E+00 %SF     ?  0.0000E+00 %IT                                                                                                                                                                                      0.000000       
 11   1.493000  14.0  1             1                     (14+)  0                                                                                                                                                                                                                              0.000000  0    
                                          9     0.3710  8.210E-01  1.000E+00  2.180E-01
 12   1.910000  16.0  1             1                     (16+)  0                                                                                                                                                                                                                              0.000000  0    
                                         11     0.4170  1.000E+00  1.000E+00  0.000E+00
 13   2.200000  -1.0  0  2.700E-05  0                            2 ?  0.0000E+00 %IT     ?  0.0000E+00 %SF                                                                                                                                                                                      0.000000       
 14   2.369000  18.0  1             1                     (18+)  0                                                                                                                                                                                                                              0.000000  0    
                                         12     0.4590  1.000E+00  1.000E+00  0.000E+00
 15   2.868000  20.0  1             1                     (20+)  0                                                                                                                                                                                                                              0.000000  0    
                                         14     0.4990  1.000E+00  1.000E+00  0.000E+00
257Rf  257  104   11   15    1    1    6.426922    3.169186
  1   0.000000   0.5  1  5.000E+00  0                    (1/2+)  3 =  8.9300E+01 %A      =  9.4000E+00 %EC+%B+ =  1.3000E+00 %SF                                                                                                                                                                0.000000       
  2   0.050000   2.5  1             0                    [5/2+]  0                                                                                                                                                                                                                              0.000000       
  3   0.075000   5.5 -1  4.100E+00  0                   (11/2-)  3 =  8.8000E+01 %A      =  1.1000E+01 %EC     =  1.4000E+00 %SF                                                                                                                                                                0.000000  0    
  4   0.148000   6.5 -1             1                   (13/2-)  0                                                                                                                                                                                                                              0.000000  0    
                                          3     0.0730  1.000E+00  1.000E+00  0.000E+00
  5   0.157000   1.5  1             2                    (3/2+)  0                                                                                                                                                                                                                              0.000000       
                                          2     0.1073  0.000E+00  0.000E+00  0.000E+00
                                          1     0.1570  0.000E+00  0.000E+00  0.000E+00
  6   0.234000   7.5 -1             2                   (15/2-)  0                                                                                                                                                                                                                              0.000000  0    
                                          4     0.0860  0.000E+00  0.000E+00  0.000E+00
                                          3     0.1590  0.000E+00  0.000E+00  0.000E+00
  7   0.334000   8.5 -1             2                   (17/2-)  0                                                                                                                                                                                                                              0.000000  0    
                                          6     0.1000  0.000E+00  0.000E+00  0.000E+00
                                          4     0.1860  0.000E+00  0.000E+00  0.000E+00
  8   0.446000   9.5 -1             2                   (19/2-)  0                                                                                                                                                                                                                              0.000000  0    
                                          7     0.1120  0.000E+00  0.000E+00  0.000E+00
                                          6     0.2120  0.000E+00  0.000E+00  0.000E+00
  9   0.572000  10.5 -1             2                   (21/2-)  0                                                                                                                                                                                                                              0.000000  0    
                                          8     0.1260  0.000E+00  0.000E+00  0.000E+00
                                          7     0.2380  0.000E+00  0.000E+00  0.000E+00
 10   0.711000  11.5 -1             2                   (23/2-)  0                                                                                                                                                                                                                              0.000000  0    
                                          9     0.1390  0.000E+00  0.000E+00  0.000E+00
                                          8     0.2650  0.000E+00  0.000E+00  0.000E+00
 11   1.157000  -1.0  0  1.399E-04  2               (21/2,23/2)  0                                                                                                                                                                                                                              0.000000       
                                         10     0.4460  0.000E+00  0.000E+00  0.000E+00
                                          9     0.5850  0.000E+00  0.000E+00  0.000E+00
258Rf  258  104    3    0    1    1    7.593369    3.610000
  1   0.000000   0.0  1  1.250E-02  0                        0+  2 =  9.5100E+01 %SF     =  4.9000E+00 %A                                                                                                                                                                                       0.000000       
  2   1.200000  -1.0  0  2.400E-03  0   Y                        3 ?  0.0000E+00 %IT     ?  0.0000E+00 %SF     ?  0.0000E+00 %A                                                                                                                                                                 1.200000       
  3   1.500000  -1.0  0  1.500E-05  0   Z                        3 ?  0.0000E+00 %IT     ?  0.0000E+00 %A      ?  0.0000E+00 %SF                                                                                                                                                                1.500000       
259Rf  259  104    3    0    1    1    6.049000    3.704000
  1   0.000000   1.5  1  2.630E+00  0                     3/2+#  3 =  8.5000E+01 %A      =  1.5000E+01 %EC+%B+ <  3.0000E+00 %SF                                                                                                                                                                0.000000       
  2   0.060000  -1.0  0             0   X                        0                                                                                                                                                                                                                              0.060000       
  3   0.263000  -1.0  0             0   X                        0                                                                                                                                                                                                                              0.060000       
260Rf  260  104    1    0    1    1    7.290000    3.992000
  1   0.000000   0.0  1  2.100E-02  0                        0+  3 AP 1.0000E+02 %SF     ?  0.0000E+00 %A      ?  0.0000E+00 %EC+%B+                                                                                                                                                            0.000000       
261Rf  261  104    2    0    1    1    5.901000    4.247000
  1   0.000000   1.5  1  2.100E+00  0   X                 3/2+#  2 =  8.2000E+01 %SF     =  1.8000E+01 %A                                                                                                                                                                                       0.000000       
  2   0.070000  -1.0  0  6.800E+01  0   X                        1 =  1.0000E+02 %A                                                                                                                                                                                                             0.000000       
262Rf  262  104    2    0    1    1    6.997000    4.454000
  1   0.000000   0.0  1  2.500E-01  0                        0+  1 AP 1.0000E+02 %SF                                                                                                                                                                                                            0.000000       
  2   0.254000  -1.0  0             0                            0                                                                                                                                                                                                                              0.000000       
263Rf  263  104    1    0    1    1    5.707000    4.638000
  1   0.000000  -1.0  0  6.600E+02  0                            2 AP 1.0000E+02 %SF     ?  0.0000E+00 %A                                                                                                                                                                                       0.000000       
264Rf  264  104    1    0    1    1    6.753000    4.883000
  1   0.000000   0.0  1  3.600E+03  0                        0+  1 ?  0.0000E+00 %A                                                                                                                                                                                                             0.000000       
265Rf  265  104    1    0    1    1    5.456000    4.974000
  1   0.000000   4.5  1  9.600E+01  0                     9/2+#  2 AP 1.0000E+02 %SF     ?  0.0000E+00 %A                                                                                                                                                                                       0.000000       
266Rf  266  104    1    0    1    1    6.625000    5.386000
  1   0.000000   0.0  1  1.440E+04  0                        0+  2 ?  0.0000E+00 %A      ?  0.0000E+00 %SF                                                                                                                                                                                      0.000000       
267Rf  267  104    1    0    1    1    4.763000    5.507000
  1   0.000000  -1.0  0  9.000E+03  0   X                        1 =  1.0000E+02 %SF                                                                                                                                                                                                            0.000000       
268Rf  268  104    1    0    1    1    6.040000    0.000000
  1   0.000000   0.0  1  3.600E+03  0                        0+  2 ?  0.0000E+00 %A      ?  0.0000E+00 %SF                                                                                                                                                                                      0.000000       
