255Db  255  105    1    0    1    1    0.000000    0.895000
  1   0.000000   4.5  1  5.400E-02  0                     9/2+#  2 AP 6.7000E+01 %SF     ?  0.0000E+00 %A                                                                                                                                                                                       0.000000       
256Db  256  105    1    0    1    1    7.368000    1.320000
  1   0.000000   9.0 -1  1.700E+00  0                       9-#  3 =  7.0000E+01 %A      =  3.0000E+01 %EC+%B+ ?  0.0000E+00 %SF                                                                                                                                                                0.000000       
257Db  257  105    5    4    1    1    8.215000    1.356678
  1   0.000000   4.5  1  2.300E+00  0                     9/2+#  3 >  9.4000E+01 %A      <  6.0000E+00 %SF     ?  0.0000E+00 %EC+%B+                                                                                                                                                            0.000000       
  2   0.250000   3.5 -1             0                    (7/2-)  0                                                                                                                                                                                                                              0.000000       
  3   0.370000   0.5 -1  6.700E-01  0                    (1/2-)  2 =  8.7000E+01 %A      =  1.3000E+01 %SF                                                                                                                                                                                      0.000000       
  4   0.470000   1.5 -1             1                    [3/2-]  0                                                                                                                                                                                                                              0.000000       
                                          3     0.1000  1.000E+00  1.000E+00  0.000E+00
  5   0.600000   2.5 -1             3                    (5/2-)  0                                                                                                                                                                                                                              0.000000       
                                          4     0.1600  0.000E+00  0.000E+00  0.000E+00
                                          3     0.2300  0.000E+00  0.000E+00  0.000E+00
                                          2     0.3500  0.000E+00  0.000E+00  0.000E+00
258Db  258  105    5    1    1    1    6.717901    1.647657
  1   0.053000  -1.0  0  4.300E+00  0                   (5+,6+)  2 =  6.4000E+01 %A      =  3.6000E+01 %EC+%B+                                                                                                                                                                                  0.000000       
  2   0.156500  -1.0  0             1                  (4:7)(-)  0                                                                                                                                                                                                                              0.000000       
                                          1     0.1565  1.000E+00  1.000E+00  0.000E+00
  3   0.222000  -1.0  0             0                            0                                                                                                                                                                                                                              0.000000       
  4   0.358000  -1.0  0             0                            0                                                                                                                                                                                                                              0.000000       
  5   0.480000  -1.0  0             0                            0                                                                                                                                                                                                                              0.000000       
259Db  259  105    1    0    1    1    7.588000    1.642288
  1   0.000000   4.5  1  5.100E-01  0                     9/2+#  1 =  1.0000E+02 %A                                                                                                                                                                                                             0.000000       
260Db  260  105    3    0    1    1    6.390000    1.983000
  1   0.000000  -1.0  0  1.520E+00  0                            3 =  9.0400E+01 %A      =  9.6000E+00 %SF     ?  0.0000E+00 %EC+%B+                                                                                                                                                            0.000000       
  2   0.200000  -1.0  0             0                            0                                                                                                                                                                                                                              0.000000       
  3   0.346000  -1.0  0             0                            0                                                                                                                                                                                                                              0.000000       
261Db  261  105    1    0    1    1    7.436000    2.129000
  1   0.000000   4.5  1  4.700E+00  0                     9/2+#  2 =  7.3000E+01 %SF     =  2.7000E+01 %A                                                                                                                                                                                       0.000000       
262Db  262  105    2    0    1    1    6.126000    2.354000
  1   0.000000  -1.0  0  3.400E+01  0                            3 =  5.2000E+01 %SF     =  4.8000E+01 %A      ?  0.0000E+00 %EC+%B+                                                                                                                                                            0.000000       
  2   0.050000  -1.0  0             0   X                        0                                                                                                                                                                                                                              0.050000       
263Db  263  105    1    0    1    1    7.214000    2.571000
  1   0.000000   4.5  1  2.900E+01  0                     9/2+#  3 =  5.6000E+01 %SF     =  3.7000E+01 %A      =  6.9000E+00 %EC+%B+                                                                                                                                                            0.000000       
264Db  264  105    1    0    1    1    5.920000    2.784000
  1   0.000000  -1.0  0  1.800E+02  0                            1 ?  0.0000E+00 %A                                                                                                                                                                                                             0.000000       
265Db  265  105    1    0    1    1    6.951000    2.981000
  1   0.000000   4.5  1  9.000E+02  0                     9/2+#  1 ?  0.0000E+00 %A                                                                                                                                                                                                             0.000000       
266Db  266  105    1    0    1    1    5.713000    3.239000
  1   0.000000  -1.0  0  4.800E+03  0                            3 ?  0.0000E+00 %A      ?  0.0000E+00 %SF     ?  0.0000E+00 %EC+%B+                                                                                                                                                            0.000000       
267Db  267  105    1    0    1    1    6.798000    3.411000
  1   0.000000   4.5  1  7.200E+03  0   X                 9/2+#  1 =  1.0000E+02 %SF                                                                                                                                                                                                            0.000000       
268Db  268  105    2    1    1    1    5.026000    3.673000
  1   0.000000  -1.0  0  1.044E+05  0                            3 AP 1.0000E+02 %SF     ?  0.0000E+00 %A      ?  0.0000E+00 %EC+%B+                                                                                                                                                            0.000000       
  2   0.140000  -1.0  0             1                            0                                                                                                                                                                                                                              0.000000       
                                          1     0.1400  1.000E+00  1.000E+00  0.000E+00
269Db  269  105    1    0    1    1    5.983000    3.616000
  1   0.000000   4.5  1  1.080E+04  0                     9/2+#  2 ?  0.0000E+00 %A      ?  0.0000E+00 %SF                                                                                                                                                                                      0.000000       
270Db  270  105    1    0    1    1    4.823000    0.000000
  1   0.000000  -1.0  0  6.120E+03  0                            2 AP 8.7000E+01 %SF     AP 1.3000E+01 %A                                                                                                                                                                                       0.000000       
