258Sg  258  106    1    0    1    1    0.000000    2.147000
  1   0.000000   0.0  1  2.700E-03  0                        0+  2 AP 1.0000E+02 %SF     ?  0.0000E+00 %A                                                                                                                                                                                       0.000000       
259Sg  259  106    1    0    1    1    6.848000    2.277000
  1   0.000000   5.5 -1  4.020E-01  0                   (11/2-)  3 AP 1.0000E+02 %A      ?  0.0000E+00 %EC+%B+ ?  0.0000E+00 %SF                                                                                                                                                                0.000000       
260Sg  260  106    1    0    1    1    8.043000    2.732497
  1   0.000000   0.0  1  4.950E-03  0                        0+  2 =  7.1000E+01 %SF     =  2.9000E+01 %A                                                                                                                                                                                       0.000000       
261Sg  261  106    7    0    1    1    6.613809    2.957000
  1   0.000000   1.5  1  1.830E-01  0                    (3/2+)  3 =  9.8100E+01 %A      =  1.3000E+00 %EC+%B+ =  6.0000E-01 %SF                                                                                                                                                                0.000000       
  2   0.056000  -1.0  0             0                            0                                                                                                                                                                                                                              0.000000       
  3   0.127000  -1.0  0             0                            0                                                                                                                                                                                                                              0.000000       
  4   0.156000  -1.0  0             0                            0                                                                                                                                                                                                                              0.000000       
  5   0.185000  -1.0  0             0                            0                                                                                                                                                                                                                              0.000000       
  6   0.212000  -1.0  0             0                            0                                                                                                                                                                                                                              0.000000       
  7   0.396000  -1.0  0             0                            0                                                                                                                                                                                                                              0.000000       
262Sg  262  106    1    0    1    1    7.707250    3.228000
  1   0.000000   0.0  1  1.030E-02  0                        0+  2 =  9.4000E+01 %SF     ?  0.0000E+00 %A                                                                                                                                                                                       0.000000       
263Sg  263  106    2    0    1    1    6.245000    3.347000
  1   0.000000   1.5  1  9.400E-01  0                     3/2+#  2 =  8.7000E+01 %A      =  1.3000E+01 %SF                                                                                                                                                                                      0.000000       
  2   0.051000  -1.0  0  1.200E-01  0   Y                        2 ?  0.0000E+00 %IT     ?  0.0000E+00 %A                                                                                                                                                                                       0.051000       
264Sg  264  106    1    0    1    1    7.484000    3.616000
  1   0.000000   0.0  1  7.800E-02  0                        0+  2 >  8.0000E+01 %SF     ?  0.0000E+00 %A                                                                                                                                                                                       0.000000       
265Sg  265  106    1    0    1    1    6.060000    3.757000
  1   0.000000   5.5 -1  9.200E+00  0                    11/2-#  2 >  5.0000E+01 %A      ?  0.0000E+00 %SF                                                                                                                                                                                      0.000000       
266Sg  266  106    1    0    1    1    7.248000    4.054000
  1   0.000000   0.0  1  3.900E-01  0                        0+  1 >  9.0000E+01 %SF                                                                                                                                                                                                            0.000000       
267Sg  267  106    1    0    1    1    5.882000    4.223000
  1   0.000000  -1.0  0  1.080E+02  0                            2 =  8.3000E+01 %SF     =  1.7000E+01 %A                                                                                                                                                                                       0.000000       
268Sg  268  106    1    0    1    1    7.078000    4.503000
  1   0.000000   0.0  1  1.200E+02  0                        0+  2 ?  0.0000E+00 %A      ?  0.0000E+00 %SF                                                                                                                                                                                      0.000000       
269Sg  269  106    1    0    1    1    5.179000    4.656000
  1   0.000000  -1.0  0  3.000E+02  0                            2 AP 1.0000E+02 %A      ?  0.0000E+00 %SF                                                                                                                                                                                      0.000000       
270Sg  270  106    1    0    1    1    6.333000    5.006000
  1   0.000000   0.0  1  1.800E+02  0                        0+  2 ?  0.0000E+00 %A      ?  0.0000E+00 %SF                                                                                                                                                                                      0.000000       
271Sg  271  106    1    0    1    1    4.885000    5.069000
  1   0.000000  -1.0  0  1.320E+02  0   X                        2 =  5.8000E+01 %SF     =  4.2000E+01 %A                                                                                                                                                                                       0.000000       
272Sg  272  106    1    0    1    1    6.168000    0.000000
  1   0.000000   0.0  1  2.400E+02  0                        0+  2 ?  0.0000E+00 %A      ?  0.0000E+00 %SF                                                                                                                                                                                      0.000000       
273Sg  273  106    1    0    1    1    4.672000    0.000000
  1   0.000000  -1.0  0  3.000E+02  0                            1 ?  0.0000E+00 %SF                                                                                                                                                                                                            0.000000       
