260Bh  260  107    1    0    1    1    0.000000    0.685000
  1   0.000000  -1.0  0  4.100E-02  0                            3 AP 1.0000E+02 %A      ?  0.0000E+00 %EC+%B+ ?  0.0000E+00 %SF                                                                                                                                                                0.000000       
261Bh  261  107    1    0    1    1    8.115000    0.757057
  1   0.000000   2.5 -1  1.280E-02  0                    (5/2-)  2 AP 1.0000E+02 %A      ?  0.0000E+00 %SF                                                                                                                                                                                      0.000000       
262Bh  262  107    2    0    1    1    6.898609    1.041857
  1   0.000000  -1.0  0  8.400E-02  0   X                        2 AP 1.0000E+02 %A      <  2.0000E+01 %SF                                                                                                                                                                                      0.000000       
  2   0.220000  -1.0  0  8.000E-03  0   Y                        1 =  1.0000E+02 %A                                                                                                                                                                                                             0.220000       
263Bh  263  107    1    0    1    1    7.827000    1.162000
  1   0.000000   2.5 -1  2.000E-01  0                     5/2-#  1 ?  0.0000E+00 %A                                                                                                                                                                                                             0.000000       
264Bh  264  107    3    0    1    1    6.610000    1.526000
  1   0.000000  -1.0  0  1.070E+00  0                            3 AP 8.6000E+01 %A      AP 1.4000E+01 %SF     ?  0.0000E+00 %EC+%B+                                                                                                                                                            0.000000       
  2   0.300000  -1.0  0             0                            0                                                                                                                                                                                                                              0.000000       
  3   0.445000  -1.0  0             0                            0                                                                                                                                                                                                                              0.000000       
265Bh  265  107    1    0    1    1    7.634000    1.677000
  1   0.000000   2.5 -1  1.190E+00  0                     5/2-#  1 ?  0.0000E+00 %A                                                                                                                                                                                                             0.000000       
266Bh  266  107    1    0    1    1    6.362000    1.979000
  1   0.000000  -1.0  0  1.060E+01  0                            3 AP 1.0000E+02 %A      ?  0.0000E+00 %EC+%B+ ?  0.0000E+00 %SF                                                                                                                                                                0.000000       
267Bh  267  107    1    0    1    1    7.411000    2.141000
  1   0.000000   2.5 -1  2.200E+01  0   X                 5/2-#  1 =  1.0000E+02 %A                                                                                                                                                                                                             0.000000       
268Bh  268  107    1    0    1    1    6.130000    2.389000
  1   0.000000  -1.0  0  1.900E+02  0                            2 ?  0.0000E+00 %A      ?  0.0000E+00 %SF                                                                                                                                                                                      0.000000       
269Bh  269  107    1    0    1    1    7.301000    2.611000
  1   0.000000   2.5 -1  6.000E+01  0                     5/2-#  1 ?  0.0000E+00 %A                                                                                                                                                                                                             0.000000       
270Bh  270  107    1    0    1    1    5.319000    2.752000
  1   0.000000  -1.0  0  2.280E+02  0                            1 =  1.0000E+02 %A                                                                                                                                                                                                             0.000000       
271Bh  271  107    1    0    1    1    6.442000    2.861000
  1   0.000000  -1.0  0  2.900E+00  0   X                        1 =  1.0000E+02 %A                                                                                                                                                                                                             0.000000       
272Bh  272  107    6    6    1    1    5.143000    3.119000
  1   0.000000  -1.0  0  1.130E+01  0                            1 AP 1.0000E+02 %A                                                                                                                                                                                                             0.000000       
  2   0.060200  -1.0  0             0                            0                                                                                                                                                                                                                              0.000000       
  3   0.196200  -1.0  0             1                            0                                                                                                                                                                                                                              0.000000       
                                          2     0.1360  9.193E-01  1.000E+00  8.780E-02
  4   0.362200  -1.0  0             3                            0                                                                                                                                                                                                                              0.000000       
                                          3     0.1660  8.353E-02  8.806E-02  5.430E-02
                                          2     0.3020  4.176E-02  4.408E-02  5.540E-02
                                          1     0.3622  8.353E-01  8.679E-01  3.900E-02
  5   0.434000  -1.0  0             1                            0                                                                                                                                                                                                                              0.000000       
                                          1     0.4340  9.730E-01  1.000E+00  2.780E-02
  6   0.479600  -1.0  0             1                            0                                                                                                                                                                                                                              0.000000       
                                          1     0.4796  9.773E-01  1.000E+00  2.320E-02
273Bh  273  107    1    0    1    1    6.176000    3.126000
  1   0.000000  -1.0  0  6.000E+01  0                            2 ?  0.0000E+00 %A      ?  0.0000E+00 %SF                                                                                                                                                                                      0.000000       
274Bh  274  107    1    0    1    1    4.993000    3.447000
  1   0.000000  -1.0  0  5.700E+01  0                            1 =  1.0000E+02 %A                                                                                                                                                                                                             0.000000       
275Bh  275  107    1    0    1    1    6.053000    0.000000
  1   0.000000   2.5 -1  6.000E+01  0                     5/2-#  1 ?  0.0000E+00 %SF                                                                                                                                                                                                            0.000000       
276Bh  276  107    1    0    1    1    4.901000    0.000000
  1   0.000000  -1.0  0  6.000E+01  0                            2 ?  0.0000E+00 %A      ?  0.0000E+00 %SF                                                                                                                                                                                      0.000000       
277Bh  277  107    1    0    1    1    5.921000    0.000000
  1   0.000000  -1.0  0  1.000E+01  0                            2 ?  0.0000E+00 %A      ?  0.0000E+00 %SF                                                                                                                                                                                      0.000000       
278Bh  278  107    1    0    1    1    4.801000    0.000000
  1   0.000000  -1.0  0  2.000E+00  0                            2 AP 1.0000E+02 %SF     ?  0.0000E+00 %A                                                                                                                                                                                       0.000000       
