263Hs  263  108    1    0    1    1    0.000000    1.863000
  1   0.000000   1.5  1  9.000E-04  0                     3/2+#  2 AP 1.0000E+02 %A      ?  0.0000E+00 %SF                                                                                                                                                                                      0.000000       
264Hs  264  108    1    0    1    1    8.186000    2.222000
  1   0.000000   0.0  1  7.000E-01  0                        0+  2 =  7.0000E+01 %A      =  3.0000E+01 %SF                                                                                                                                                                                      0.000000       
265Hs  265  108    2    0    1    1    6.734239    2.346000
  1   0.000000   1.5  1  1.960E-03  0                     3/2+#  2 AP 1.0000E+02 %A      ?  0.0000E+00 %SF                                                                                                                                                                                      0.000000       
  2   0.300000  -1.0  0  7.500E-04  0                            2 =  1.0000E+02 %A      =  1.0000E+00 %SF                                                                                                                                                                                      0.000000       
266Hs  266  108    5    1    1    1    7.831888    2.544000
  1   0.000000   0.0  1  3.000E-03  0                        0+  2 =  7.6000E+01 %A      =  2.4000E+01 %SF                                                                                                                                                                                      0.000000       
  2   0.085000  -1.0  0             0                            0                                                                                                                                                                                                                              0.000000       
  3   0.712000  -1.0  0             0                            0                                                                                                                                                                                                                              0.000000       
  4   0.930000  -1.0  0             1                            0                                                                                                                                                                                                                              0.000000       
                                          3     0.2180  1.000E+00  1.000E+00  0.000E+00
  5   1.200000  -1.0  0  7.200E+01  0                            1 =  1.0000E+02 %A                                                                                                                                                                                                             0.000000       
267Hs  267  108    3    0    1    1    6.553000    2.736000
  1   0.000000  -1.0  0  5.500E-02  0                            2 >  8.0000E+01 %A      ?  0.0000E+00 %SF                                                                                                                                                                                      0.000000       
  2   0.039000  -1.0  0             0   X                        1 =  0.0000E+00 %A                                                                                                                                                                                                             0.039000       
  3   0.057000  -1.0  0             0                            0                                                                                                                                                                                                                              0.000000       
268Hs  268  108    1    0    1    1    7.761000    3.086000
  1   0.000000   0.0  1  1.400E+00  0                        0+  1 AP 1.0000E+02 %A                                                                                                                                                                                                             0.000000       
269Hs  269  108    1    0    1    1    6.546000    3.502000
  1   0.000000   4.5  1  1.500E+01  0   X                 9/2+#  1 =  1.0000E+02 %A                                                                                                                                                                                                             0.000000       
270Hs  270  108    1    0    1    1    7.453000    3.654000
  1   0.000000   0.0  1  9.000E+00  0                        0+  2 AP 1.0000E+02 %A      ?  0.0000E+00 %SF                                                                                                                                                                                      0.000000       
271Hs  271  108    1    0    1    1    5.492000    3.828000
  1   0.000000  -1.0  0  1.000E+01  0                            2 ?  0.0000E+00 %A      ?  0.0000E+00 %SF                                                                                                                                                                                      0.000000       
272Hs  272  108    1    0    1    1    6.758000    4.143000
  1   0.000000   0.0  1  1.000E+01  0                        0+  2 ?  0.0000E+00 %A      ?  0.0000E+00 %SF                                                                                                                                                                                      0.000000       
273Hs  273  108    1    0    1    1    5.309000    4.309000
  1   0.000000  -1.0  0  1.060E+00  0                            2 AP 1.0000E+02 %A      ?  0.0000E+00 %SF                                                                                                                                                                                      0.000000       
274Hs  274  108    1    0    1    1    6.433000    4.566000
  1   0.000000   0.0  1  5.000E-01  0                        0+  2 ?  0.0000E+00 %A      ?  0.0000E+00 %SF                                                                                                                                                                                      0.000000       
275Hs  275  108    1    0    1    1    4.985000    4.559000
  1   0.000000  -1.0  0  2.800E-01  0   X                        1 =  1.0000E+02 %A                                                                                                                                                                                                             0.000000       
276Hs  276  108    1    0    1    1    6.378000    4.884000
  1   0.000000   0.0  1  1.000E-01  0                        0+  2 ?  0.0000E+00 %A      ?  0.0000E+00 %SF                                                                                                                                                                                      0.000000       
277Hs  277  108    2    0    1    1    4.882000    4.864000
  1   0.000000  -1.0  0  1.200E-02  0                            2 AP 1.0000E+02 %SF     ?  0.0000E+00 %A                                                                                                                                                                                       0.000000       
  2   0.100000  -1.0  0  3.600E+01  0   X                        1 =  1.0000E+02 %SF                                                                                                                                                                                                            0.100000       
278Hs  278  108    1    0    1    1    6.226000    5.169000
  1   0.000000   0.0  1  2.000E+00  0                        0+  2 AP 1.0000E+02 %SF     ?  0.0000E+00 %A                                                                                                                                                                                       0.000000       
279Hs  279  108    1    0    1    1    4.792000    5.160000
  1   0.000000  -1.0  0  1.000E+00  0                            2 ?  0.0000E+00 %A      ?  0.0000E+00 %SF                                                                                                                                                                                      0.000000       
280Hs  280  108    1    0    1    1    6.152000    0.000000
  1   0.000000   0.0  1  1.000E-01  0                        0+  2 ?  0.0000E+00 %A      ?  0.0000E+00 %SF                                                                                                                                                                                      0.000000       
