265Mt  265  109    1    0    1    1    0.000000    0.228000
  1   0.000000  -1.0  0  2.000E-03  0                            1 ?  0.0000E+00 %A                                                                                                                                                                                                             0.000000       
266Mt  266  109    1    0    1    1    7.023000    0.516535
  1   0.000000  -1.0  0  2.000E-03  0                            2 AP 1.0000E+02 %A      ?  0.0000E+00 %SF                                                                                                                                                                                      0.000000       
267Mt  267  109    1    0    1    1    7.953000    0.638000
  1   0.000000  -1.0  0  1.000E-02  0                            1 ?  0.0000E+00 %A                                                                                                                                                                                                             0.000000       
268Mt  268  109    1    0    1    1    6.711000    0.796000
  1   0.000000  -1.0  0  2.300E-02  0                            1 =  1.0000E+02 %A                                                                                                                                                                                                             0.000000       
269Mt  269  109    1    0    1    1    7.922000    0.957000
  1   0.000000  -1.0  0  1.000E-01  0                            1 ?  0.0000E+00 %A                                                                                                                                                                                                             0.000000       
270Mt  270  109    1    0    1    1    6.662000    1.073000
  1   0.000000  -1.0  0  8.000E-01  0                            1 AP 1.0000E+02 %A                                                                                                                                                                                                             0.000000       
271Mt  271  109    1    0    1    1    7.681000    1.301000
  1   0.000000  -1.0  0  4.000E-01  0                            1 ?  0.0000E+00 %A                                                                                                                                                                                                             0.000000       
272Mt  272  109    1    0    1    1    5.690000    1.498000
  1   0.000000  -1.0  0  4.000E-01  0                            2 ?  0.0000E+00 %A      ?  0.0000E+00 %SF                                                                                                                                                                                      0.000000       
273Mt  273  109    1    0    1    1    6.771000    1.511000
  1   0.000000  -1.0  0  8.000E-01  0                            2 ?  0.0000E+00 %A      ?  0.0000E+00 %SF                                                                                                                                                                                      0.000000       
274Mt  274  109    1    0    1    1    5.604000    1.807000
  1   0.000000  -1.0  0  8.500E-01  0                            1 =  1.0000E+02 %A                                                                                                                                                                                                             0.000000       
275Mt  275  109    1    0    1    1    6.554000    1.928000
  1   0.000000  -1.0  0  3.100E-02  0   X                        1 =  1.0000E+02 %A                                                                                                                                                                                                             0.000000       
276Mt  276  109    6    4    1    1    5.525000    2.469000
  1   0.000000  -1.0  0  7.000E-01  0                            1 =  1.0000E+02 %A                                                                                                                                                                                                             0.000000       
  2   0.194000  -1.0  0             1                            0                                                                                                                                                                                                                              0.000000       
                                          1     0.1940  8.779E-01  1.000E+00  1.391E-01
  3   0.237400  -1.0  0             1                            0                                                                                                                                                                                                                              0.000000       
                                          1     0.2374  9.152E-01  1.000E+00  9.260E-02
  4   0.250000  -1.0  0  4.000E+00  0   X                        1 =  1.0000E+02 %A                                                                                                                                                                                                             0.250000       
  5   0.279600  -1.0  0             1                            0                                                                                                                                                                                                                              0.000000       
                                          1     0.2796  9.372E-01  1.000E+00  6.700E-02
  6   0.731600  -1.0  0             1                            0                                                                                                                                                                                                                              0.000000       
                                          3     0.4942  8.735E-01  1.000E+00  1.448E-01
277Mt  277  109    1    0    1    1    6.376000    2.466000
  1   0.000000  -1.0  0  9.000E+00  0                            2 =  1.0000E+02 %SF     ?  0.0000E+00 %A                                                                                                                                                                                       0.000000       
278Mt  278  109    1    0    1    1    5.313000    2.897000
  1   0.000000  -1.0  0  6.000E+00  0                            1 =  1.0000E+02 %A                                                                                                                                                                                                             0.000000       
279Mt  279  109    1    0    1    1    6.253000    2.924000
  1   0.000000  -1.0  0  2.000E+01  0                            2 ?  0.0000E+00 %A      ?  0.0000E+00 %SF                                                                                                                                                                                      0.000000       
280Mt  280  109    1    0    1    1    5.147000    3.279000
  1   0.000000  -1.0  0  1.000E+01  0                            2 ?  0.0000E+00 %A      ?  0.0000E+00 %SF                                                                                                                                                                                      0.000000       
281Mt  281  109    1    0    1    1    6.181000    3.309000
  1   0.000000  -1.0  0  1.000E+00  0                            2 ?  0.0000E+00 %A      ?  0.0000E+00 %SF                                                                                                                                                                                      0.000000       
282Mt  282  109    1    0    1    1    5.016000    0.000000
  1   0.000000  -1.0  0  1.000E-01  0                            2 AP 1.0000E+02 %A      ?  0.0000E+00 %SF                                                                                                                                                                                      0.000000       
