267Ds  267  110    1    0    1    1    0.000000    1.082000
  1   0.000000   1.5  1  1.000E-05  0   X                 3/2+#  1 =  1.0000E+02 %A                                                                                                                                                                                                             0.000000       
268Ds  268  110    1    0    1    1    8.303000    1.432000
  1   0.000000   0.0  1  1.000E-04  0                        0+  1 ?  0.0000E+00 %A                                                                                                                                                                                                             0.000000       
269Ds  269  110    1    0    1    1    6.885000    1.605000
  1   0.000000  -1.0  0  2.300E-04  0   X                        1 =  1.0000E+02 %A                                                                                                                                                                                                             0.000000       
270Ds  270  110    2    0    1    1    8.224405    1.907000
  1   0.000000   0.0  1  2.050E-04  0                        0+  2 AP 1.0000E+02 %A      ?  0.0000E+00 %SF                                                                                                                                                                                      0.000000       
  2   1.130000  -1.0  0  3.900E-03  0                  (9-,10-)  2 =  7.0000E+01 %A      =  3.0000E+01 %IT                                                                                                                                                                                      0.000000       
271Ds  271  110    2    0    1    1    6.800000    2.046000
  1   0.000000  -1.0  0  1.440E-01  0   X                        2 =  7.5000E+01 %SF     =  2.5000E+01 %A                                                                                                                                                                                       0.088000       
  2   0.068000  -1.0  0  1.630E-03  0                            1 =  1.0000E+02 %A                                                                                                                                                                                                             0.000000       
272Ds  272  110    1    0    1    1    7.941000    2.306000
  1   0.000000   0.0  1  2.000E-01  0                        0+  1 ?  0.0000E+00 %SF                                                                                                                                                                                                            0.000000       
273Ds  273  110    2    0    1    1    5.869000    2.485000
  1   0.000000  -1.0  0  2.400E-04  0                            1 AP 1.0000E+02 %A                                                                                                                                                                                                             0.000000       
  2   0.283000  -1.0  0             0                            0                                                                                                                                                                                                                              0.000000       
274Ds  274  110    1    0    1    1    7.159000    2.874000
  1   0.000000   0.0  1  1.000E-02  0                        0+  2 ?  0.0000E+00 %A      ?  0.0000E+00 %SF                                                                                                                                                                                      0.000000       
275Ds  275  110    1    0    1    1    5.602000    2.872000
  1   0.000000  -1.0  0  1.000E-02  0                            2 ?  0.0000E+00 %A      ?  0.0000E+00 %SF                                                                                                                                                                                      0.000000       
276Ds  276  110    1    0    1    1    7.198000    3.516000
  1   0.000000   0.0  1  1.600E-02  0                        0+  2 ?  0.0000E+00 %A      ?  0.0000E+00 %SF                                                                                                                                                                                      0.000000       
277Ds  277  110    1    0    1    1    5.519000    3.509000
  1   0.000000  -1.0  0  6.000E-03  0                            2 AP 1.0000E+02 %A      ?  0.0000E+00 %SF                                                                                                                                                                                      0.000000       
278Ds  278  110    1    0    1    1    6.913000    4.046000
  1   0.000000   0.0  1  2.700E-01  0                        0+  2 ?  0.0000E+00 %A      ?  0.0000E+00 %SF                                                                                                                                                                                      0.000000       
279Ds  279  110    4    0    1    1    5.298000    4.032000
  1   0.000000  -1.0  0  2.100E-01  0   X                        2 =  8.8000E+01 %SF     =  1.2000E+01 %A                                                                                                                                                                                       0.000000       
  2   2.700000  -1.0  0             0   X                        0                                                                                                                                                                                                                              0.000000       
  3   3.100000  -1.0  0             0   X                        0                                                                                                                                                                                                                              0.000000       
  4   6.900000  -1.0  0             0   X                        0                                                                                                                                                                                                                              0.000000       
280Ds  280  110    1    0    1    1    6.775000    4.554000
  1   0.000000   0.0  1  2.500E-02  0                        0+  1 =  1.0000E+02 %SF                                                                                                                                                                                                            0.000000       
281Ds  281  110    1    0    1    1    5.119000    4.526000
  1   0.000000  -1.0  0  1.400E+01  0   X                        2 =  9.0000E+01 %SF     =  1.0000E+01 %A                                                                                                                                                                                       0.000000       
282Ds  282  110    1    0    1    1    6.554000    4.899000
  1   0.000000   0.0  1  2.520E+02  0                        0+  2 AP 1.0000E+02 %A      ?  0.0000E+00 %SF                                                                                                                                                                                      0.000000       
283Ds  283  110    1    0    1    1    5.032000    4.915000
  1   0.000000  -1.0  0  6.000E+01  0                            2 ?  0.0000E+00 %A      ?  0.0000E+00 %SF                                                                                                                                                                                      0.000000       
284Ds  284  110    1    0    1    1    6.441000    0.000000
  1   0.000000   0.0  1  6.000E+01  0                        0+  2 ?  0.0000E+00 %A      ?  0.0000E+00 %SF                                                                                                                                                                                      0.000000       
