276Cn  276  112    1    0    1    1    0.000000    2.324000
  1   0.000000   0.0  1  1.000E-04  0                        0+  2 ?  0.0000E+00 %A      ?  0.0000E+00 %SF                                                                                                                                                                                      0.000000       
277Cn  277  112    1    0    1    1    6.099000    2.343000
  1   0.000000  -1.0  0  7.900E-04  0                            1 =  1.0000E+02 %A                                                                                                                                                                                                             0.000000       
278Cn  278  112    1    0    1    1    7.562000    2.854000
  1   0.000000   0.0  1  2.000E-03  0                        0+  2 ?  0.0000E+00 %A      ?  0.0000E+00 %SF                                                                                                                                                                                      0.000000       
279Cn  279  112    1    0    1    1    5.892000    2.789000
  1   0.000000  -1.0  0  6.000E-05  0                            2 ?  0.0000E+00 %A      ?  0.0000E+00 %SF                                                                                                                                                                                      0.000000       
280Cn  280  112    1    0    1    1    7.438000    3.356000
  1   0.000000   0.0  1  5.000E-03  0                        0+  2 ?  0.0000E+00 %A      ?  0.0000E+00 %SF                                                                                                                                                                                      0.000000       
281Cn  281  112    1    0    1    1    5.779000    3.228000
  1   0.000000  -1.0  0  1.800E-01  0                            2 AP 1.0000E+02 %A      ?  0.0000E+00 %SF                                                                                                                                                                                      0.000000       
282Cn  282  112    1    0    1    1    7.193000    3.796000
  1   0.000000   0.0  1  1.100E-03  0                        0+  2 AP 1.0000E+02 %SF     ?  0.0000E+00 %A                                                                                                                                                                                       0.000000       
283Cn  283  112    1    0    1    1    5.560000    3.694000
  1   0.000000  -1.0  0  4.700E+00  0   X                        2 =  8.1000E+01 %A      =  1.9000E+01 %SF                                                                                                                                                                                      0.000000       
284Cn  284  112    1    0    1    1    6.993000    4.254000
  1   0.000000   0.0  1  1.020E-01  0                        0+  1 =  1.0000E+02 %SF                                                                                                                                                                                                            0.000000       
285Cn  285  112    1    0    1    1    5.400000    4.173000
  1   0.000000  -1.0  0  3.000E+01  0   X                        1 =  1.0000E+02 %A                                                                                                                                                                                                             0.000000       
286Cn  286  112    1    0    1    1    6.708000    4.569000
  1   0.000000   0.0  1  3.000E+01  0                        0+  2 AP 1.0000E+02 %A      ?  0.0000E+00 %SF                                                                                                                                                                                      0.000000       
287Cn  287  112    1    0    1    1    5.151000    4.429000
  1   0.000000  -1.0  0  3.000E+01  0                            2 ?  0.0000E+00 %A      ?  0.0000E+00 %SF                                                                                                                                                                                      0.000000       
288Cn  288  112    1    0    1    1    6.511000    0.000000
  1   0.000000   0.0  1  1.000E+01  0                        0+  2 ?  0.0000E+00 %A      ?  0.0000E+00 %SF                                                                                                                                                                                      0.000000       
