284Fl  284  114    1    0    1    1    0.000000    3.073000
  1   0.000000   0.0  1  3.100E-03  0                        0+  2 AP 1.0000E+02 %SF     ?  0.0000E+00 %A                                                                                                                                                                                       0.000000       
285Fl  285  114    1    0    1    1    5.919000    2.948000
  1   0.000000  -1.0  0  2.100E-01  0                            2 AP 1.0000E+02 %A      <  2.0000E+01 %SF                                                                                                                                                                                      0.000000       
286Fl  286  114    1    0    1    1    7.398000    3.451000
  1   0.000000   0.0  1  1.300E-01  0                        0+  2 =  5.9000E+01 %A      =  4.1000E+01 %SF                                                                                                                                                                                      0.000000       
287Fl  287  114    1    0    1    1    5.748000    3.317000
  1   0.000000  -1.0  0  5.100E-01  0   X                        2 AP 1.0000E+02 %A      ?  0.0000E+00 %SF                                                                                                                                                                                      0.000000       
288Fl  288  114    1    0    1    1    7.083000    3.827000
  1   0.000000   0.0  1  6.530E-01  0                        0+  2 AP 1.0000E+02 %A      ?  0.0000E+00 %SF                                                                                                                                                                                      0.000000       
289Fl  289  114    1    0    1    1    5.523000    3.793000
  1   0.000000  -1.0  0  2.100E+00  0   X                        2 AP 1.0000E+02 %A      ?  0.0000E+00 %SF                                                                                                                                                                                      0.000000       
290Fl  290  114    1    0    1    1    6.806000    4.109000
  1   0.000000   0.0  1  8.000E+01  0                        0+  3 AP 1.0000E+02 %A      <  5.0000E+01 %EC+%B+ ?  0.0000E+00 %SF                                                                                                                                                                0.000000       
291Fl  291  114    1    0    1    1    5.302000    4.104000
  1   0.000000  -1.0  0  1.000E+01  0                            2 ?  0.0000E+00 %A      ?  0.0000E+00 %SF                                                                                                                                                                                      0.000000       
